# relative_time, cycles_done, cur_item, corpus_count, pending_total, pending_favs, map_size, saved_crashes, saved_hangs, max_depth, execs_per_sec, total_execs, edges_found, total_crashes, servers_count
61, 130, 10, 13, 0, 0, 50.00%, 0, 0, 3, 1975.48, 127185, 25, 0, 0
66, 141, 9, 13, 0, 0, 50.00%, 0, 0, 3, 1985.94, 137539, 25, 0, 0
72, 153, 5, 13, 0, 0, 50.00%, 0, 0, 3, 1965.24, 147725, 25, 0, 0
77, 165, 12, 13, 0, 0, 50.00%, 0, 0, 3, 1978.93, 157660, 25, 0, 0
82, 176, 10, 13, 0, 0, 50.00%, 0, 0, 3, 1978.59, 167860, 25, 0, 0
87, 188, 7, 13, 0, 0, 50.00%, 0, 0, 3, 1991.59, 178150, 25, 0, 0
92, 200, 5, 13, 0, 0, 50.00%, 0, 0, 3, 1985.43, 188514, 25, 0, 0
97, 211, 9, 13, 0, 0, 50.00%, 0, 0, 3, 1987.57, 198460, 25, 0, 0
102, 222, 9, 13, 0, 0, 50.00%, 0, 0, 3, 1979.80, 208389, 25, 0, 0
107, 233, 5, 13, 0, 0, 50.00%, 0, 0, 3, 1997.73, 218789, 25, 0, 0
113, 244, 9, 13, 0, 0, 50.00%, 0, 0, 3, 1982.33, 228960, 25, 0, 0
118, 255, 11, 13, 0, 0, 50.00%, 0, 0, 3, 1993.36, 239335, 25, 0, 0
123, 268, 4, 13, 0, 0, 50.00%, 0, 0, 3, 1994.31, 249475, 25, 0, 0
128, 279, 1, 13, 0, 0, 50.00%, 0, 0, 3, 1990.32, 259360, 25, 0, 0
133, 291, 11, 13, 0, 0, 50.00%, 0, 0, 3, 2006.39, 269710, 25, 0, 0
138, 302, 4, 13, 0, 0, 50.00%, 0, 0, 3, 1969.21, 279625, 25, 0, 0
143, 313, 9, 13, 0, 0, 50.00%, 0, 0, 3, 1977.40, 289950, 25, 0, 0
148, 324, 9, 13, 0, 0, 50.00%, 0, 0, 3, 1997.82, 300041, 25, 0, 0
153, 335, 12, 13, 0, 0, 50.00%, 0, 0, 3, 1991.44, 309935, 25, 0, 0
158, 345, 5, 13, 0, 0, 50.00%, 0, 0, 3, 1989.22, 319864, 25, 0, 0
163, 356, 9, 13, 0, 0, 50.00%, 0, 0, 3, 1994.71, 329864, 25, 0, 0
169, 367, 10, 13, 0, 0, 50.00%, 0, 0, 3, 2004.42, 340260, 25, 0, 0
174, 378, 9, 13, 0, 0, 50.00%, 0, 0, 3, 1986.68, 350164, 25, 0, 0
179, 389, 9, 13, 0, 0, 50.00%, 0, 0, 3, 1969.21, 360150, 25, 0, 0
184, 400, 1, 13, 0, 0, 50.00%, 0, 0, 3, 1991.22, 370075, 25, 0, 0
189, 413, 12, 13, 0, 0, 50.00%, 0, 0, 3, 1970.56, 380310, 25, 0, 0
194, 424, 5, 13, 0, 0, 50.00%, 0, 0, 3, 2004.10, 390701, 25, 0, 0
199, 435, 9, 13, 0, 0, 50.00%, 0, 0, 3, 1983.36, 400925, 25, 0, 0
204, 447, 5, 13, 0, 0, 50.00%, 0, 0, 3, 1969.17, 411160, 25, 0, 0
210, 459, 4, 13, 0, 0, 50.00%, 0, 0, 3, 1973.66, 421489, 25, 0, 0
215, 470, 10, 13, 0, 0, 50.00%, 0, 0, 3, 1991.83, 431510, 25, 0, 0
220, 481, 12, 13, 0, 0, 50.00%, 0, 0, 3, 1971.71, 441785, 25, 0, 0
225, 491, 9, 13, 0, 0, 50.00%, 0, 0, 3, 1989.87, 451789, 25, 0, 0
230, 504, 9, 13, 0, 0, 50.00%, 0, 0, 3, 1990.82, 462075, 25, 0, 0
235, 514, 12, 13, 0, 0, 50.00%, 0, 0, 3, 1998.42, 472060, 25, 0, 0
240, 524, 9, 13, 0, 0, 50.00%, 0, 0, 3, 1976.96, 481935, 25, 0, 0
245, 535, 7, 13, 0, 0, 50.00%, 0, 0, 3, 1997.19, 492278, 25, 0, 0
250, 547, 9, 13, 0, 0, 50.00%, 0, 0, 3, 1990.35, 502235, 25, 0, 0
255, 557, 9, 13, 0, 0, 50.00%, 0, 0, 3, 1951.28, 512100, 25, 0, 0
261, 568, 12, 13, 0, 0, 50.00%, 0, 0, 3, 1934.12, 521660, 25, 0, 0
266, 580, 7, 13, 0, 0, 50.00%, 0, 0, 3, 1973.67, 531925, 25, 0, 0
271, 591, 9, 13, 0, 0, 50.00%, 0, 0, 3, 1961.30, 542114, 25, 0, 0
276, 602, 10, 13, 0, 0, 50.00%, 0, 0, 3, 1995.72, 552410, 25, 0, 0
281, 613, 7, 13, 0, 0, 50.00%, 0, 0, 3, 1990.23, 562285, 25, 0, 0
286, 626, 9, 13, 0, 0, 50.00%, 0, 0, 3, 2011.20, 572391, 25, 0, 0
291, 636, 12, 13, 0, 0, 50.00%, 0, 0, 3, 1977.30, 582535, 25, 0, 0
296, 648, 5, 13, 0, 0, 50.00%, 0, 0, 3, 1963.35, 592825, 25, 0, 0
302, 659, 1, 13, 0, 0, 50.00%, 0, 0, 3, 1954.10, 602939, 25, 0, 0
307, 670, 9, 13, 0, 0, 50.00%, 0, 0, 3, 1979.22, 612875, 25, 0, 0
312, 682, 9, 13, 0, 0, 50.00%, 0, 0, 3, 1989.01, 623114, 25, 0, 0
317, 693, 1, 13, 0, 0, 50.00%, 0, 0, 3, 1990.02, 633075, 25, 0, 0
322, 704, 1, 13, 0, 0, 50.00%, 0, 0, 3, 1950.77, 643262, 25, 0, 0
327, 715, 7, 13, 0, 0, 50.00%, 0, 0, 3, 1981.66, 653253, 25, 0, 0
332, 728, 11, 13, 0, 0, 50.00%, 0, 0, 3, 1984.39, 663135, 25, 0, 0
337, 739, 9, 13, 0, 0, 50.00%, 0, 0, 3, 1994.60, 673150, 25, 0, 0
342, 750, 9, 13, 0, 0, 50.00%, 0, 0, 3, 1992.67, 683089, 25, 0, 0
347, 763, 7, 13, 0, 0, 50.00%, 0, 0, 3, 1974.22, 693435, 25, 0, 0
353, 775, 10, 13, 0, 0, 50.00%, 0, 0, 3, 2010.47, 703910, 25, 0, 0
358, 785, 12, 13, 0, 0, 50.00%, 0, 0, 3, 1986.42, 713785, 25, 0, 0
363, 796, 9, 13, 0, 0, 50.00%, 0, 0, 3, 1970.14, 723560, 25, 0, 0
368, 808, 9, 13, 0, 0, 50.00%, 0, 0, 3, 1994.41, 733975, 25, 0, 0
373, 818, 10, 13, 0, 0, 50.00%, 0, 0, 3, 1851.83, 743410, 25, 0, 0
378, 828, 11, 13, 0, 0, 50.00%, 0, 0, 3, 1939.22, 753210, 25, 0, 0
383, 839, 10, 13, 0, 0, 50.00%, 0, 0, 3, 1913.45, 762935, 25, 0, 0
388, 851, 7, 13, 0, 0, 50.00%, 0, 0, 3, 2007.39, 773401, 25, 0, 0
393, 862, 1, 13, 0, 0, 50.00%, 0, 0, 3, 1985.25, 783585, 25, 0, 0
398, 873, 9, 13, 0, 0, 50.00%, 0, 0, 3, 1978.31, 793775, 25, 0, 0
404, 885, 7, 13, 0, 0, 50.00%, 0, 0, 3, 1996.43, 804078, 25, 0, 0
409, 896, 5, 13, 0, 0, 50.00%, 0, 0, 3, 1922.68, 814060, 25, 0, 0
414, 908, 11, 13, 0, 0, 50.00%, 0, 0, 3, 1961.14, 824185, 25, 0, 0
419, 919, 1, 13, 0, 0, 50.00%, 0, 0, 3, 1869.54, 833422, 25, 0, 0
424, 929, 9, 13, 0, 0, 50.00%, 0, 0, 3, 1939.22, 843486, 25, 0, 0
429, 941, 5, 13, 0, 0, 50.00%, 0, 0, 3, 1917.77, 853412, 25, 0, 0
434, 952, 9, 13, 0, 0, 50.00%, 0, 0, 3, 1951.78, 863589, 25, 0, 0
439, 963, 9, 13, 0, 0, 50.00%, 0, 0, 3, 1953.98, 873425, 25, 0, 0
444, 973, 5, 13, 0, 0, 50.00%, 0, 0, 3, 1955.87, 883239, 25, 0, 0
450, 982, 9, 13, 0, 0, 50.00%, 0, 0, 3, 1885.41, 892985, 25, 0, 0
455, 993, 9, 13, 0, 0, 50.00%, 0, 0, 3, 1952.44, 903160, 25, 0, 0
460, 1003, 5, 13, 0, 0, 50.00%, 0, 0, 3, 1962.60, 913039, 25, 0, 0
465, 1016, 12, 13, 0, 0, 50.00%, 0, 0, 3, 2005.49, 923460, 25, 0, 0
470, 1026, 7, 13, 0, 0, 50.00%, 0, 0, 3, 1969.70, 933275, 25, 0, 0
475, 1036, 1, 13, 0, 0, 50.00%, 0, 0, 3, 1983.53, 943264, 25, 0, 0
480, 1046, 9, 13, 0, 0, 50.00%, 0, 0, 3, 1904.72, 952573, 25, 0, 0
485, 1058, 9, 13, 0, 0, 50.00%, 0, 0, 3, 1970.63, 962839, 25, 0, 0
491, 1069, 9, 13, 0, 0, 50.00%, 0, 0, 3, 1936.92, 972837, 25, 0, 0
496, 1080, 11, 13, 0, 0, 50.00%, 0, 0, 3, 1957.32, 982760, 25, 0, 0
501, 1091, 11, 13, 0, 0, 50.00%, 0, 0, 3, 1948.75, 992835, 25, 0, 0
506, 1101, 9, 13, 0, 0, 50.00%, 0, 0, 3, 1955.66, 1002689, 25, 0, 0
511, 1112, 9, 13, 0, 0, 50.00%, 0, 0, 3, 1973.07, 1012564, 25, 0, 0
516, 1124, 9, 13, 0, 0, 50.00%, 0, 0, 3, 1989.90, 1022864, 25, 0, 0
521, 1135, 7, 13, 0, 0, 50.00%, 0, 0, 3, 1900.90, 1032487, 25, 0, 0
526, 1144, 9, 13, 0, 0, 50.00%, 0, 0, 3, 1906.43, 1041985, 25, 0, 0
531, 1155, 9, 13, 0, 0, 50.00%, 0, 0, 3, 1992.87, 1052439, 25, 0, 0
536, 1167, 11, 13, 0, 0, 50.00%, 0, 0, 3, 1939.60, 1062285, 25, 0, 0
542, 1178, 5, 13, 0, 0, 50.00%, 0, 0, 3, 1920.72, 1072135, 25, 0, 0
547, 1188, 4, 13, 0, 0, 50.00%, 0, 0, 3, 1913.34, 1081849, 25, 0, 0
552, 1200, 9, 13, 0, 0, 50.00%, 0, 0, 3, 1915.59, 1091710, 25, 0, 0
557, 1210, 7, 13, 0, 0, 50.00%, 0, 0, 3, 1957.31, 1101878, 25, 0, 0
562, 1222, 1, 13, 0, 0, 50.00%, 0, 0, 3, 1960.45, 1111764, 25, 0, 0
567, 1233, 4, 13, 0, 0, 50.00%, 0, 0, 3, 1960.90, 1121889, 25, 0, 0
573, 1245, 9, 13, 0, 0, 50.00%, 0, 0, 3, 1979.61, 1132025, 25, 0, 0
578, 1256, 7, 13, 0, 0, 50.00%, 0, 0, 3, 1989.31, 1142300, 25, 0, 0
583, 1266, 1, 13, 0, 0, 50.00%, 0, 0, 3, 1967.71, 1152053, 25, 0, 0
588, 1277, 7, 13, 0, 0, 50.00%, 0, 0, 3, 1981.28, 1162378, 25, 0, 0
593, 1289, 4, 13, 0, 0, 50.00%, 0, 0, 3, 1954.27, 1172374, 25, 0, 0
598, 1299, 7, 13, 0, 0, 50.00%, 0, 0, 3, 1954.81, 1182585, 25, 0, 0
603, 1311, 1, 13, 0, 0, 50.00%, 0, 0, 3, 1953.44, 1192260, 25, 0, 0
608, 1321, 12, 13, 0, 0, 50.00%, 0, 0, 3, 1943.73, 1201935, 25, 0, 0
614, 1333, 7, 13, 0, 0, 50.00%, 0, 0, 3, 1927.29, 1211912, 25, 0, 0
619, 1344, 5, 13, 0, 0, 50.00%, 0, 0, 3, 1949.08, 1221735, 25, 0, 0
624, 1355, 4, 13, 0, 0, 50.00%, 0, 0, 3, 1953.80, 1231860, 25, 0, 0
629, 1367, 9, 13, 0, 0, 50.00%, 0, 0, 3, 1911.27, 1241710, 25, 0, 0
634, 1379, 9, 13, 0, 0, 50.00%, 0, 0, 3, 1981.44, 1252050, 25, 0, 0
639, 1390, 9, 13, 0, 0, 50.00%, 0, 0, 3, 1928.51, 1261674, 25, 0, 0
644, 1400, 9, 13, 0, 0, 50.00%, 0, 0, 3, 1955.65, 1271525, 25, 0, 0
649, 1411, 1, 13, 0, 0, 50.00%, 0, 0, 3, 1973.56, 1281435, 25, 0, 0
655, 1423, 9, 13, 0, 0, 50.00%, 0, 0, 3, 1952.66, 1291400, 25, 0, 0
660, 1434, 10, 13, 0, 0, 50.00%, 0, 0, 3, 1954.36, 1301610, 25, 0, 0
665, 1445, 9, 13, 0, 0, 50.00%, 0, 0, 3, 1960.68, 1311439, 25, 0, 0
670, 1456, 1, 13, 0, 0, 50.00%, 0, 0, 3, 1904.73, 1321260, 25, 0, 0
675, 1466, 12, 13, 0, 0, 50.00%, 0, 0, 3, 1905.47, 1330635, 25, 0, 0
680, 1477, 1, 13, 0, 0, 50.00%, 0, 0, 3, 1941.10, 1340712, 25, 0, 0
685, 1487, 12, 13, 0, 0, 50.00%, 0, 0, 3, 1938.39, 1350485, 25, 0, 0
690, 1498, 1, 13, 0, 0, 50.00%, 0, 0, 3, 1862.24, 1360122, 25, 0, 0
695, 1509, 11, 13, 0, 0, 50.00%, 0, 0, 3, 1969.11, 1370085, 25, 0, 0
701, 1519, 9, 13, 0, 0, 50.00%, 0, 0, 3, 1960.74, 1380160, 25, 0, 0
706, 1529, 9, 13, 0, 0, 50.00%, 0, 0, 3, 1918.84, 1389760, 25, 0, 0
711, 1540, 9, 13, 0, 0, 50.00%, 0, 0, 3, 1948.80, 1399474, 25, 0, 0
716, 1552, 9, 13, 0, 0, 50.00%, 0, 0, 3, 1979.43, 1409800, 25, 0, 0
721, 1563, 9, 13, 0, 0, 50.00%, 0, 0, 3, 1869.70, 1419286, 25, 0, 0
726, 1572, 11, 13, 0, 0, 50.00%, 0, 0, 3, 1801.16, 1428260, 25, 0, 0
731, 1582, 9, 13, 0, 0, 50.00%, 0, 0, 3, 1875.70, 1437860, 25, 0, 0
736, 1593, 10, 13, 0, 0, 50.00%, 0, 0, 3, 1868.27, 1447385, 25, 0, 0
741, 1605, 5, 13, 0, 0, 50.00%, 0, 0, 3, 1969.68, 1457350, 25, 0, 0
746, 1616, 9, 13, 0, 0, 50.00%, 0, 0, 3, 1945.82, 1467074, 25, 0, 0
751, 1626, 4, 13, 0, 0, 50.00%, 0, 0, 3, 1899.06, 1476385, 25, 0, 0
756, 1637, 1, 13, 0, 0, 50.00%, 0, 0, 3, 1889.92, 1486235, 25, 0, 0
761, 1646, 9, 13, 0, 0, 50.00%, 0, 0, 3, 1798.48, 1495110, 25, 0, 0
766, 1657, 5, 13, 0, 0, 50.00%, 0, 0, 3, 1908.05, 1504724, 25, 0, 0
771, 1669, 5, 13, 0, 0, 50.00%, 0, 0, 3, 1970.77, 1514975, 25, 0, 0
776, 1680, 9, 13, 0, 0, 50.00%, 0, 0, 3, 1980.74, 1524875, 25, 0, 0
782, 1690, 7, 13, 0, 0, 50.00%, 0, 0, 3, 1940.63, 1534737, 25, 0, 0
787, 1702, 9, 13, 0, 0, 50.00%, 0, 0, 3, 1974.22, 1545000, 25, 0, 0
792, 1713, 1, 13, 0, 0, 50.00%, 0, 0, 3, 1984.60, 1554960, 25, 0, 0
797, 1725, 9, 13, 0, 0, 50.00%, 0, 0, 3, 1997.76, 1564989, 25, 0, 0
802, 1737, 12, 13, 0, 0, 50.00%, 0, 0, 3, 1977.65, 1575260, 25, 0, 0
807, 1749, 7, 13, 0, 0, 50.00%, 0, 0, 3, 2019.25, 1585401, 25, 0, 0
812, 1760, 1, 13, 0, 0, 50.00%, 0, 0, 3, 1989.93, 1595275, 25, 0, 0
817, 1770, 7, 13, 0, 0, 50.00%, 0, 0, 3, 1863.00, 1604584, 25, 0, 0
822, 1781, 10, 13, 0, 0, 50.00%, 0, 0, 3, 1940.75, 1614660, 25, 0, 0
827, 1792, 4, 13, 0, 0, 50.00%, 0, 0, 3, 1946.14, 1624436, 25, 0, 0
833, 1803, 9, 13, 0, 0, 50.00%, 0, 0, 3, 1963.99, 1634675, 25, 0, 0
838, 1813, 1, 13, 0, 0, 50.00%, 0, 0, 3, 1862.32, 1644072, 25, 0, 0
843, 1824, 1, 13, 0, 0, 50.00%, 0, 0, 3, 1881.31, 1653810, 25, 0, 0
848, 1834, 9, 13, 0, 0, 50.00%, 0, 0, 3, 1913.25, 1663712, 25, 0, 0
853, 1844, 9, 13, 0, 0, 50.00%, 0, 0, 3, 1920.27, 1673199, 25, 0, 0
858, 1855, 1, 13, 0, 0, 50.00%, 0, 0, 3, 1845.21, 1682534, 25, 0, 0
863, 1866, 12, 13, 0, 0, 50.00%, 0, 0, 3, 1936.26, 1692661, 25, 0, 0
868, 1877, 11, 13, 0, 0, 50.00%, 0, 0, 3, 1962.00, 1702511, 25, 0, 0
874, 1889, 9, 13, 0, 0, 50.00%, 0, 0, 3, 1989.76, 1712815, 25, 0, 0
879, 1901, 9, 13, 0, 0, 50.00%, 0, 0, 3, 1999.10, 1723126, 25, 0, 0
884, 1910, 11, 13, 0, 0, 50.00%, 0, 0, 3, 1605.23, 1731061, 25, 0, 0
889, 1920, 12, 13, 0, 0, 50.00%, 0, 0, 3, 1792.39, 1740461, 25, 0, 0
894, 1931, 7, 13, 0, 0, 50.00%, 0, 0, 3, 1893.44, 1750423, 25, 0, 0
900, 1943, 1, 13, 0, 0, 50.00%, 0, 0, 3, 1892.27, 1760061, 25, 0, 0
905, 1954, 12, 13, 0, 0, 50.00%, 0, 0, 3, 1877.99, 1769436, 25, 0, 0
910, 1964, 9, 13, 0, 0, 50.00%, 0, 0, 3, 1937.71, 1779225, 25, 0, 0
915, 1974, 1, 13, 0, 0, 50.00%, 0, 0, 3, 1941.99, 1788950, 25, 0, 0
920, 1986, 5, 13, 0, 0, 50.00%, 0, 0, 3, 1988.22, 1799340, 25, 0, 0
925, 1997, 9, 13, 0, 0, 50.00%, 0, 0, 3, 1988.16, 1809561, 25, 0, 0
930, 2010, 9, 13, 0, 0, 50.00%, 0, 0, 3, 1975.89, 1819790, 25, 0, 0
935, 2021, 12, 13, 0, 0, 50.00%, 0, 0, 3, 1973.07, 1830011, 25, 0, 0
941, 2033, 9, 13, 0, 0, 50.00%, 0, 0, 3, 1976.11, 1840286, 25, 0, 0
946, 2044, 12, 13, 0, 0, 50.00%, 0, 0, 3, 1980.34, 1850186, 25, 0, 0
951, 2055, 9, 13, 0, 0, 50.00%, 0, 0, 3, 1953.01, 1860390, 25, 0, 0
956, 2066, 1, 13, 0, 0, 50.00%, 0, 0, 3, 1959.72, 1870561, 25, 0, 0
961, 2078, 9, 13, 0, 0, 50.00%, 0, 0, 3, 1961.59, 1880661, 25, 0, 0
966, 2089, 9, 13, 0, 0, 50.00%, 0, 0, 3, 1970.68, 1890951, 25, 0, 0
972, 2100, 12, 13, 0, 0, 50.00%, 0, 0, 3, 1957.80, 1901161, 25, 0, 0
977, 2111, 5, 13, 0, 0, 50.00%, 0, 0, 3, 1967.16, 1911376, 25, 0, 0
982, 2122, 9, 13, 0, 0, 50.00%, 0, 0, 3, 1985.40, 1921315, 25, 0, 0
987, 2133, 7, 13, 0, 0, 50.00%, 0, 0, 3, 1934.03, 1931151, 25, 0, 0
992, 2143, 9, 13, 0, 0, 50.00%, 0, 0, 3, 1901.95, 1940737, 25, 0, 0
997, 2154, 7, 13, 0, 0, 50.00%, 0, 0, 3, 1981.88, 1951062, 25, 0, 0
1002, 2165, 12, 13, 0, 0, 50.00%, 0, 0, 3, 1978.26, 1961262, 25, 0, 0
1007, 2176, 9, 13, 0, 0, 50.00%, 0, 0, 3, 1968.38, 1971102, 25, 0, 0
1012, 2187, 9, 13, 0, 0, 50.00%, 0, 0, 3, 1970.94, 1981341, 25, 0, 0
1018, 2200, 4, 13, 0, 0, 50.00%, 0, 0, 3, 1992.26, 1991752, 25, 0, 0
1023, 2210, 9, 13, 0, 0, 50.00%, 0, 0, 3, 1961.14, 2001341, 25, 0, 0
1028, 2220, 9, 13, 0, 0, 50.00%, 0, 0, 3, 1976.80, 2011716, 25, 0, 0
1033, 2232, 9, 13, 0, 0, 50.00%, 0, 0, 3, 1982.39, 2021877, 25, 0, 0
1038, 2244, 1, 13, 0, 0, 50.00%, 0, 0, 3, 1983.49, 2031752, 25, 0, 0
1043, 2254, 9, 13, 0, 0, 50.00%, 0, 0, 3, 1977.27, 2041791, 25, 0, 0
1048, 2265, 1, 13, 0, 0, 50.00%, 0, 0, 3, 1970.95, 2051662, 25, 0, 0
1053, 2276, 7, 13, 0, 0, 50.00%, 0, 0, 3, 1946.89, 2061302, 25, 0, 0
1058, 2287, 11, 13, 0, 0, 50.00%, 0, 0, 3, 1933.92, 2070962, 25, 0, 0
1063, 2299, 4, 13, 0, 0, 50.00%, 0, 0, 3, 1958.91, 2081052, 25, 0, 0
1068, 2310, 4, 13, 0, 0, 50.00%, 0, 0, 3, 1948.81, 2090701, 25, 0, 0
1074, 2321, 9, 13, 0, 0, 50.00%, 0, 0, 3, 1976.07, 2101002, 25, 0, 0
1079, 2331, 12, 13, 0, 0, 50.00%, 0, 0, 3, 1937.12, 2111062, 25, 0, 0
1084, 2342, 1, 13, 0, 0, 50.00%, 0, 0, 3, 1984.31, 2120702, 25, 0, 0
1089, 2354, 9, 13, 0, 0, 50.00%, 0, 0, 3, 2087.60, 2131670, 25, 0, 0
1094, 2367, 1, 13, 0, 0, 50.00%, 0, 0, 3, 2135.19, 2142772, 25, 0, 0
1099, 2379, 5, 13, 0, 0, 50.00%, 0, 0, 3, 2100.75, 2153654, 25, 0, 0
1104, 2391, 1, 13, 0, 0, 50.00%, 0, 0, 3, 2075.76, 2164337, 25, 0, 0
1109, 2401, 9, 13, 0, 0, 50.00%, 0, 0, 3, 2039.17, 2174718, 25, 0, 0
1115, 2414, 9, 13, 0, 0, 50.00%, 0, 0, 3, 2113.20, 2185772, 25, 0, 0
1120, 2426, 9, 13, 0, 0, 50.00%, 0, 0, 3, 2054.74, 2196395, 25, 0, 0
1125, 2438, 9, 13, 0, 0, 50.00%, 0, 0, 3, 2002.86, 2206878, 25, 0, 0
1130, 2448, 9, 13, 0, 0, 50.00%, 0, 0, 3, 1972.28, 2216816, 25, 0, 0
1135, 2459, 9, 13, 0, 0, 50.00%, 0, 0, 3, 1988.53, 2226702, 25, 0, 0
1140, 2470, 5, 13, 0, 0, 50.00%, 0, 0, 3, 2054.86, 2237195, 25, 0, 0
1145, 2481, 12, 13, 0, 0, 50.00%, 0, 0, 3, 2118.18, 2248187, 25, 0, 0
1150, 2492, 9, 13, 0, 0, 50.00%, 0, 0, 3, 2073.16, 2258805, 25, 0, 0
1156, 2503, 1, 13, 0, 0, 50.00%, 0, 0, 3, 2135.68, 2269939, 25, 0, 0
1161, 2515, 9, 13, 0, 0, 50.00%, 0, 0, 3, 2128.10, 2280622, 25, 0, 0
1166, 2528, 1, 13, 0, 0, 50.00%, 0, 0, 3, 2113.45, 2291655, 25, 0, 0
1171, 2540, 12, 13, 0, 0, 50.00%, 0, 0, 3, 2103.43, 2302487, 25, 0, 0
1176, 2552, 4, 13, 0, 0, 50.00%, 0, 0, 3, 2143.09, 2313680, 25, 0, 0
1181, 2564, 4, 13, 0, 0, 50.00%, 0, 0, 3, 2089.20, 2324329, 25, 0, 0
1187, 2577, 9, 13, 0, 0, 50.00%, 0, 0, 3, 2010.11, 2334818, 25, 0, 0
1192, 2589, 12, 13, 0, 0, 50.00%, 0, 0, 3, 2061.51, 2345462, 25, 0, 0
1197, 2601, 12, 13, 0, 0, 50.00%, 0, 0, 3, 2005.72, 2355912, 25, 0, 0
1202, 2611, 9, 13, 0, 0, 50.00%, 0, 0, 3, 2067.47, 2366195, 25, 0, 0
1207, 2624, 1, 13, 0, 0, 50.00%, 0, 0, 3, 2093.06, 2377020, 25, 0, 0
1212, 2636, 5, 13, 0, 0, 50.00%, 0, 0, 3, 2065.76, 2387837, 25, 0, 0
1218, 2648, 9, 13, 0, 0, 50.00%, 0, 0, 3, 2070.69, 2398545, 25, 0, 0
1223, 2660, 10, 13, 0, 0, 50.00%, 0, 0, 3, 2056.09, 2409287, 25, 0, 0
1228, 2673, 4, 13, 0, 0, 50.00%, 0, 0, 3, 2140.81, 2420422, 25, 0, 0
1233, 2685, 7, 13, 0, 0, 50.00%, 0, 0, 3, 2104.51, 2431272, 25, 0, 0
1238, 2698, 7, 13, 0, 0, 50.00%, 0, 0, 3, 2088.42, 2442062, 25, 0, 0
1243, 2710, 9, 13, 0, 0, 50.00%, 0, 0, 3, 2130.07, 2453012, 25, 0, 0
1249, 2723, 9, 13, 0, 0, 50.00%, 0, 0, 3, 2124.34, 2463897, 25, 0, 0
1254, 2736, 9, 13, 0, 0, 50.00%, 0, 0, 3, 2138.81, 2474980, 25, 0, 0
1259, 2747, 5, 13, 0, 0, 50.00%, 0, 0, 3, 2062.65, 2485113, 25, 0, 0
1264, 2760, 9, 13, 0, 0, 50.00%, 0, 0, 3, 2047.26, 2495554, 25, 0, 0
1269, 2771, 9, 13, 0, 0, 50.00%, 0, 0, 3, 2043.65, 2505879, 25, 0, 0
1274, 2783, 4, 13, 0, 0, 50.00%, 0, 0, 3, 2074.62, 2516696, 25, 0, 0
1279, 2794, 9, 13, 0, 0, 50.00%, 0, 0, 3, 1993.95, 2526821, 25, 0, 0
1284, 2805, 12, 13, 0, 0, 50.00%, 0, 0, 3, 2082.88, 2537688, 25, 0, 0
1290, 2816, 5, 13, 0, 0, 50.00%, 0, 0, 3, 2035.82, 2548339, 25, 0, 0
1295, 2829, 9, 13, 0, 0, 50.00%, 0, 0, 3, 2116.74, 2559448, 25, 0, 0
1300, 2839, 7, 13, 0, 0, 50.00%, 0, 0, 3, 2102.60, 2570031, 25, 0, 0
1305, 2851, 10, 13, 0, 0, 50.00%, 0, 0, 3, 2077.19, 2580913, 25, 0, 0
1310, 2862, 9, 13, 0, 0, 50.00%, 0, 0, 3, 2107.80, 2591381, 25, 0, 0
1315, 2875, 11, 13, 0, 0, 50.00%, 0, 0, 3, 2096.95, 2602013, 25, 0, 0
1320, 2887, 1, 13, 0, 0, 50.00%, 0, 0, 3, 2081.70, 2612521, 25, 0, 0
1325, 2900, 9, 13, 0, 0, 50.00%, 0, 0, 3, 2105.86, 2623456, 25, 0, 0
1330, 2912, 9, 13, 0, 0, 50.00%, 0, 0, 3, 2102.31, 2634431, 25, 0, 0
1336, 2925, 9, 13, 0, 0, 50.00%, 0, 0, 3, 2080.91, 2645271, 25, 0, 0
1341, 2937, 12, 13, 0, 0, 50.00%, 0, 0, 3, 2047.45, 2655988, 25, 0, 0
1346, 2949, 9, 13, 0, 0, 50.00%, 0, 0, 3, 2076.62, 2666830, 25, 0, 0
1351, 2961, 9, 13, 0, 0, 50.00%, 0, 0, 3, 2081.12, 2677330, 25, 0, 0
1356, 2973, 12, 13, 0, 0, 50.00%, 0, 0, 3, 2099.91, 2688114, 25, 0, 0
1361, 2984, 12, 13, 0, 0, 50.00%, 0, 0, 3, 2111.43, 2698713, 25, 0, 0
1366, 2995, 11, 13, 0, 0, 50.00%, 0, 0, 3, 2092.26, 2709588, 25, 0, 0
1372, 3005, 9, 13, 0, 0, 50.00%, 0, 0, 3, 2046.69, 2719969, 25, 0, 0
1377, 3018, 11, 13, 0, 0, 50.00%, 0, 0, 3, 2126.00, 2731063, 25, 0, 0
1382, 3028, 9, 13, 0, 0, 50.00%, 0, 0, 3, 2032.62, 2741279, 25, 0, 0
1387, 3042, 9, 13, 0, 0, 50.00%, 0, 0, 3, 2114.65, 2751988, 25, 0, 0
1392, 3053, 12, 13, 0, 0, 50.00%, 0, 0, 3, 1969.06, 2761738, 25, 0, 0
1397, 3066, 12, 13, 0, 0, 50.00%, 0, 0, 3, 1962.61, 2771938, 25, 0, 0
1402, 3076, 9, 13, 0, 0, 50.00%, 0, 0, 3, 2036.60, 2782279, 25, 0, 0
1407, 3087, 9, 13, 0, 0, 50.00%, 0, 0, 3, 2059.02, 2793030, 25, 0, 0
1413, 3099, 9, 13, 0, 0, 50.00%, 0, 0, 3, 2097.26, 2803980, 25, 0, 0
1418, 3112, 9, 13, 0, 0, 50.00%, 0, 0, 3, 2101.13, 2814881, 25, 0, 0
1423, 3124, 7, 13, 0, 0, 50.00%, 0, 0, 3, 2085.93, 2825713, 25, 0, 0
1428, 3136, 9, 13, 0, 0, 50.00%, 0, 0, 3, 2070.71, 2836555, 25, 0, 0
1433, 3147, 5, 13, 0, 0, 50.00%, 0, 0, 3, 1920.56, 2845966, 25, 0, 0
1438, 3158, 7, 13, 0, 0, 50.00%, 0, 0, 3, 2053.24, 2856470, 25, 0, 0
1443, 3170, 1, 13, 0, 0, 50.00%, 0, 0, 3, 2099.17, 2867306, 25, 0, 0
1448, 3181, 5, 13, 0, 0, 50.00%, 0, 0, 3, 2103.08, 2877882, 25, 0, 0
1454, 3192, 9, 13, 0, 0, 50.00%, 0, 0, 3, 2104.70, 2888482, 25, 0, 0
1459, 3204, 5, 13, 0, 0, 50.00%, 0, 0, 3, 2085.58, 2899356, 25, 0, 0
1464, 3215, 9, 13, 0, 0, 50.00%, 0, 0, 3, 2051.06, 2909295, 25, 0, 0
1469, 3228, 10, 13, 0, 0, 50.00%, 0, 0, 3, 2094.27, 2919939, 25, 0, 0
1474, 3238, 7, 13, 0, 0, 50.00%, 0, 0, 3, 2075.38, 2930391, 25, 0, 0
1479, 3250, 7, 13, 0, 0, 50.00%, 0, 0, 3, 2081.19, 2940797, 25, 0, 0
1484, 3262, 10, 13, 0, 0, 50.00%, 0, 0, 3, 2060.34, 2951439, 25, 0, 0
1489, 3273, 5, 13, 0, 0, 50.00%, 0, 0, 3, 2026.14, 2961255, 25, 0, 0
1494, 3283, 4, 13, 0, 0, 50.00%, 0, 0, 3, 2072.69, 2971606, 25, 0, 0
1499, 3294, 9, 13, 0, 0, 50.00%, 0, 0, 3, 2057.57, 2982381, 25, 0, 0
1504, 3306, 5, 13, 0, 0, 50.00%, 0, 0, 3, 2129.41, 2993374, 25, 0, 0
1509, 3319, 9, 13, 0, 0, 50.00%, 0, 0, 3, 2121.48, 3004049, 25, 0, 0
1514, 3331, 9, 13, 0, 0, 50.00%, 0, 0, 3, 2142.49, 3014789, 25, 0, 0
1520, 3342, 9, 13, 0, 0, 50.00%, 0, 0, 3, 2109.38, 3025749, 25, 0, 0
1525, 3354, 9, 13, 0, 0, 50.00%, 0, 0, 3, 2119.39, 3036707, 25, 0, 0
1530, 3367, 9, 13, 0, 0, 50.00%, 0, 0, 3, 2084.72, 3047272, 25, 0, 0
1535, 3380, 11, 13, 0, 0, 50.00%, 0, 0, 3, 2162.79, 3058589, 25, 0, 0
1540, 3391, 10, 13, 0, 0, 50.00%, 0, 0, 3, 2095.74, 3069414, 25, 0, 0
1545, 3403, 9, 13, 0, 0, 50.00%, 0, 0, 3, 2107.45, 3080032, 25, 0, 0
1550, 3414, 9, 13, 0, 0, 50.00%, 0, 0, 3, 2096.19, 3090506, 25, 0, 0
1555, 3426, 4, 13, 0, 0, 50.00%, 0, 0, 3, 2067.68, 3100797, 25, 0, 0
1560, 3438, 7, 13, 0, 0, 50.00%, 0, 0, 3, 2055.34, 3111564, 25, 0, 0
1565, 3449, 12, 13, 0, 0, 50.00%, 0, 0, 3, 2122.36, 3122239, 25, 0, 0
1571, 3461, 1, 13, 0, 0, 50.00%, 0, 0, 3, 2116.21, 3133349, 25, 0, 0
1576, 3474, 4, 13, 0, 0, 50.00%, 0, 0, 3, 2100.45, 3144247, 25, 0, 0
1581, 3487, 1, 13, 0, 0, 50.00%, 0, 0, 3, 2108.13, 3155091, 25, 0, 0
1586, 3499, 9, 13, 0, 0, 50.00%, 0, 0, 3, 2141.30, 3165782, 25, 0, 0
1591, 3510, 7, 13, 0, 0, 50.00%, 0, 0, 3, 2006.71, 3176235, 25, 0, 0
1596, 3522, 7, 13, 0, 0, 50.00%, 0, 0, 3, 2109.01, 3187257, 25, 0, 0
1602, 3534, 11, 13, 0, 0, 50.00%, 0, 0, 3, 2107.75, 3198164, 25, 0, 0
1607, 3548, 5, 13, 0, 0, 50.00%, 0, 0, 3, 2087.73, 3208997, 25, 0, 0
1612, 3560, 1, 13, 0, 0, 50.00%, 0, 0, 3, 2124.51, 3219757, 25, 0, 0
1617, 3572, 7, 13, 0, 0, 50.00%, 0, 0, 3, 2112.66, 3230532, 25, 0, 0
1622, 3584, 9, 13, 0, 0, 50.00%, 0, 0, 3, 2084.26, 3240914, 25, 0, 0
1627, 3595, 12, 13, 0, 0, 50.00%, 0, 0, 3, 2110.12, 3251489, 25, 0, 0
1632, 3607, 5, 13, 0, 0, 50.00%, 0, 0, 3, 2067.27, 3261756, 25, 0, 0
1637, 3619, 7, 13, 0, 0, 50.00%, 0, 0, 3, 2087.58, 3272638, 25, 0, 0
1643, 3630, 10, 13, 0, 0, 50.00%, 0, 0, 3, 2034.22, 3283414, 25, 0, 0
1648, 3642, 1, 13, 0, 0, 50.00%, 0, 0, 3, 2077.47, 3294156, 25, 0, 0
1653, 3654, 9, 13, 0, 0, 50.00%, 0, 0, 3, 2069.04, 3304681, 25, 0, 0
1658, 3667, 10, 13, 0, 0, 50.00%, 0, 0, 3, 2115.86, 3315289, 25, 0, 0
1663, 3679, 1, 13, 0, 0, 50.00%, 0, 0, 3, 2108.92, 3326016, 25, 0, 0
1668, 3690, 9, 13, 0, 0, 50.00%, 0, 0, 3, 2072.51, 3336447, 25, 0, 0
1673, 3702, 9, 13, 0, 0, 50.00%, 0, 0, 3, 2114.03, 3347449, 25, 0, 0
1678, 3714, 9, 13, 0, 0, 50.00%, 0, 0, 3, 2082.67, 3358006, 25, 0, 0
1684, 3725, 1, 13, 0, 0, 50.00%, 0, 0, 3, 2108.80, 3368882, 25, 0, 0
1689, 3736, 1, 13, 0, 0, 50.00%, 0, 0, 3, 2150.85, 3379974, 25, 0, 0
1694, 3747, 7, 13, 0, 0, 50.00%, 0, 0, 3, 2097.84, 3390488, 25, 0, 0
1699, 3757, 7, 13, 0, 0, 50.00%, 0, 0, 3, 2069.09, 3400864, 25, 0, 0
1704, 3769, 1, 13, 0, 0, 50.00%, 0, 0, 3, 2094.77, 3411681, 25, 0, 0
1709, 3781, 11, 13, 0, 0, 50.00%, 0, 0, 3, 2078.70, 3422364, 25, 0, 0
1714, 3793, 11, 13, 0, 0, 50.00%, 0, 0, 3, 2076.05, 3432814, 25, 0, 0
1719, 3806, 5, 13, 0, 0, 50.00%, 0, 0, 3, 2141.40, 3444049, 25, 0, 0
1724, 3819, 1, 13, 0, 0, 50.00%, 0, 0, 3, 2128.95, 3454749, 25, 0, 0
1729, 3830, 9, 13, 0, 0, 50.00%, 0, 0, 3, 2110.69, 3465132, 25, 0, 0
1734, 3842, 11, 13, 0, 0, 50.00%, 0, 0, 3, 2135.16, 3476139, 25, 0, 0
1740, 3853, 1, 13, 0, 0, 50.00%, 0, 0, 3, 2094.34, 3486997, 25, 0, 0
1745, 3864, 11, 13, 0, 0, 50.00%, 0, 0, 3, 2144.48, 3498164, 25, 0, 0
1750, 3876, 9, 13, 0, 0, 50.00%, 0, 0, 3, 2132.24, 3508907, 25, 0, 0
1755, 3888, 9, 13, 0, 0, 50.00%, 0, 0, 3, 2132.41, 3519607, 25, 0, 0
1760, 3900, 9, 13, 0, 0, 50.00%, 0, 0, 3, 2078.76, 3530397, 25, 0, 0
1765, 3913, 9, 13, 0, 0, 50.00%, 0, 0, 3, 2117.84, 3541389, 25, 0, 0
1770, 3924, 9, 13, 0, 0, 50.00%, 0, 0, 3, 2117.86, 3552249, 25, 0, 0
1776, 3937, 7, 13, 0, 0, 50.00%, 0, 0, 3, 2167.14, 3563483, 25, 0, 0
1781, 3949, 9, 13, 0, 0, 50.00%, 0, 0, 3, 2144.03, 3574464, 25, 0, 0
1786, 3960, 7, 13, 0, 0, 50.00%, 0, 0, 3, 2134.71, 3585166, 25, 0, 0
1791, 3972, 7, 13, 0, 0, 50.00%, 0, 0, 3, 2137.15, 3596099, 25, 0, 0
1796, 3985, 9, 13, 0, 0, 50.00%, 0, 0, 3, 2110.11, 3607108, 25, 0, 0
1801, 3997, 7, 13, 0, 0, 50.00%, 0, 0, 3, 2130.62, 3617749, 25, 0, 0
1806, 4010, 4, 13, 0, 0, 50.00%, 0, 0, 3, 2099.33, 3628697, 25, 0, 0
1811, 4022, 10, 13, 0, 0, 50.00%, 0, 0, 3, 2095.72, 3639689, 25, 0, 0
1816, 4034, 9, 13, 0, 0, 50.00%, 0, 0, 3, 2084.25, 3650131, 25, 0, 0
1822, 4047, 1, 13, 0, 0, 50.00%, 0, 0, 3, 2046.84, 3660635, 25, 0, 0
1827, 4059, 5, 13, 0, 0, 50.00%, 0, 0, 3, 1996.79, 3671093, 25, 0, 0
1832, 4071, 12, 13, 0, 0, 50.00%, 0, 0, 3, 2040.69, 3681840, 25, 0, 0
1837, 4082, 9, 13, 0, 0, 50.00%, 0, 0, 3, 2116.47, 3692889, 25, 0, 0
1842, 4093, 9, 13, 0, 0, 50.00%, 0, 0, 3, 2114.01, 3703874, 25, 0, 0
1847, 4105, 1, 13, 0, 0, 50.00%, 0, 0, 3, 2117.18, 3714882, 25, 0, 0
1852, 4116, 11, 13, 0, 0, 50.00%, 0, 0, 3, 2017.38, 3724939, 25, 0, 0
1858, 4127, 9, 13, 0, 0, 50.00%, 0, 0, 3, 2054.02, 3735605, 25, 0, 0
1863, 4139, 7, 13, 0, 0, 50.00%, 0, 0, 3, 2102.29, 3746588, 25, 0, 0
1868, 4152, 9, 13, 0, 0, 50.00%, 0, 0, 3, 2133.70, 3757674, 25, 0, 0
1873, 4163, 9, 13, 0, 0, 50.00%, 0, 0, 3, 2107.27, 3768249, 25, 0, 0
1878, 4176, 1, 13, 0, 0, 50.00%, 0, 0, 3, 2103.46, 3779249, 25, 0, 0
1883, 4189, 9, 13, 0, 0, 50.00%, 0, 0, 3, 2114.43, 3789799, 25, 0, 0
1888, 4201, 5, 13, 0, 0, 50.00%, 0, 0, 3, 2103.18, 3800381, 25, 0, 0
1893, 4213, 1, 13, 0, 0, 50.00%, 0, 0, 3, 2146.74, 3811007, 25, 0, 0
