# relative_time, cycles_done, cur_item, corpus_count, pending_total, pending_favs, map_size, saved_crashes, saved_hangs, max_depth, execs_per_sec, total_execs, edges_found, total_crashes, servers_count
60, 208, 1, 2, 0, 0, 8.00%, 0, 0, 2, 2798.47, 167092, 4, 0, 0
66, 226, 1, 2, 0, 0, 8.00%, 0, 0, 2, 2788.65, 181292, 4, 0, 0
71, 243, 1, 2, 0, 0, 8.00%, 0, 0, 2, 2737.50, 195091, 4, 0, 0
76, 261, 0, 2, 0, 0, 8.00%, 0, 0, 2, 2776.15, 209392, 4, 0, 0
81, 279, 0, 2, 0, 0, 8.00%, 0, 0, 2, 2796.19, 223492, 4, 0, 0
86, 296, 1, 2, 0, 0, 8.00%, 0, 0, 2, 2777.18, 237392, 4, 0, 0
91, 314, 1, 2, 0, 0, 8.00%, 0, 0, 2, 2822.73, 251693, 4, 0, 0
96, 331, 1, 2, 0, 0, 8.00%, 0, 0, 2, 2746.69, 265591, 4, 0, 0
101, 349, 1, 2, 0, 0, 8.00%, 0, 0, 2, 2752.36, 279392, 4, 0, 0
106, 366, 1, 2, 0, 0, 8.00%, 0, 0, 2, 2810.59, 293493, 4, 0, 0
111, 384, 1, 2, 0, 0, 8.00%, 0, 0, 2, 2764.98, 307392, 4, 0, 0
116, 401, 1, 2, 0, 0, 8.00%, 0, 0, 2, 2779.07, 321492, 4, 0, 0
121, 419, 1, 2, 0, 0, 8.00%, 0, 0, 2, 2785.59, 335692, 4, 0, 0
126, 437, 1, 2, 0, 0, 8.00%, 0, 0, 2, 2795.64, 349792, 4, 0, 0
131, 454, 1, 2, 0, 0, 8.00%, 0, 0, 2, 2750.96, 363937, 4, 0, 0
136, 472, 1, 2, 0, 0, 8.00%, 0, 0, 2, 2740.26, 377791, 4, 0, 0
141, 489, 1, 2, 0, 0, 8.00%, 0, 0, 2, 2715.14, 391436, 4, 0, 0
147, 506, 1, 2, 0, 0, 8.00%, 0, 0, 2, 2726.30, 405336, 4, 0, 0
152, 523, 1, 2, 0, 0, 8.00%, 0, 0, 2, 2726.05, 419091, 4, 0, 0
157, 541, 1, 2, 0, 0, 8.00%, 0, 0, 2, 2699.70, 432990, 4, 0, 0
162, 557, 1, 2, 0, 0, 8.00%, 0, 0, 2, 2691.40, 446490, 4, 0, 0
167, 574, 1, 2, 0, 0, 8.00%, 0, 0, 2, 2595.35, 459788, 4, 0, 0
172, 592, 0, 2, 0, 0, 8.00%, 0, 0, 2, 2692.61, 473990, 4, 0, 0
177, 608, 1, 2, 0, 0, 8.00%, 0, 0, 2, 2663.62, 487136, 4, 0, 0
182, 626, 1, 2, 0, 0, 8.00%, 0, 0, 2, 2797.06, 501492, 4, 0, 0
187, 644, 0, 2, 0, 0, 8.00%, 0, 0, 2, 2805.71, 515793, 4, 0, 0
192, 662, 1, 2, 0, 0, 8.00%, 0, 0, 2, 2781.57, 529992, 4, 0, 0
198, 679, 1, 2, 0, 0, 8.00%, 0, 0, 2, 2668.22, 543690, 4, 0, 0
203, 697, 1, 2, 0, 0, 8.00%, 0, 0, 2, 2798.15, 558192, 4, 0, 0
208, 713, 1, 2, 0, 0, 8.00%, 0, 0, 2, 2484.16, 570686, 4, 0, 0
213, 727, 1, 2, 0, 0, 8.00%, 0, 0, 2, 2361.63, 582531, 4, 0, 0
218, 742, 1, 2, 0, 0, 8.00%, 0, 0, 2, 2334.52, 593929, 4, 0, 0
223, 756, 1, 2, 0, 0, 8.00%, 0, 0, 2, 2332.52, 605683, 4, 0, 0
228, 771, 1, 2, 0, 0, 8.00%, 0, 0, 2, 2174.25, 616981, 4, 0, 0
233, 784, 1, 2, 0, 0, 8.00%, 0, 0, 2, 2058.70, 627337, 4, 0, 0
238, 796, 1, 2, 0, 0, 8.00%, 0, 0, 2, 2016.66, 637436, 4, 0, 0
243, 809, 1, 2, 0, 0, 8.00%, 0, 0, 2, 2040.89, 647677, 4, 0, 0
249, 822, 1, 2, 0, 0, 8.00%, 0, 0, 2, 2011.52, 657877, 4, 0, 0
254, 835, 1, 2, 0, 0, 8.00%, 0, 0, 2, 2035.48, 668177, 4, 0, 0
259, 847, 1, 2, 0, 0, 8.00%, 0, 0, 2, 2038.09, 678436, 4, 0, 0
264, 860, 1, 2, 0, 0, 8.00%, 0, 0, 2, 2015.61, 688636, 4, 0, 0
269, 873, 1, 2, 0, 0, 8.00%, 0, 0, 2, 2029.47, 698877, 4, 0, 0
274, 886, 1, 2, 0, 0, 8.00%, 0, 0, 2, 2017.83, 709077, 4, 0, 0
279, 898, 1, 2, 0, 0, 8.00%, 0, 0, 2, 2025.01, 719317, 4, 0, 0
284, 911, 1, 2, 0, 0, 8.00%, 0, 0, 2, 2021.81, 729477, 4, 0, 0
289, 924, 1, 2, 0, 0, 8.00%, 0, 0, 2, 2023.00, 739617, 4, 0, 0
294, 937, 0, 2, 0, 0, 8.00%, 0, 0, 2, 2049.16, 749977, 4, 0, 0
299, 950, 0, 2, 0, 0, 8.00%, 0, 0, 2, 2030.03, 760217, 4, 0, 0
304, 963, 1, 2, 0, 0, 8.00%, 0, 0, 2, 2042.81, 770777, 4, 0, 0
309, 976, 1, 2, 0, 0, 8.00%, 0, 0, 2, 2030.50, 781036, 4, 0, 0
314, 989, 1, 2, 0, 0, 8.00%, 0, 0, 2, 2046.67, 791417, 4, 0, 0
319, 1001, 1, 2, 0, 0, 8.00%, 0, 0, 2, 2034.84, 801617, 4, 0, 0
324, 1014, 1, 2, 0, 0, 8.00%, 0, 0, 2, 2018.40, 811777, 4, 0, 0
329, 1027, 1, 2, 0, 0, 8.00%, 0, 0, 2, 2041.55, 822017, 4, 0, 0
335, 1040, 1, 2, 0, 0, 8.00%, 0, 0, 2, 2038.74, 832217, 4, 0, 0
340, 1052, 1, 2, 0, 0, 8.00%, 0, 0, 2, 2040.66, 842477, 4, 0, 0
345, 1065, 1, 2, 0, 0, 8.00%, 0, 0, 2, 2024.21, 852636, 4, 0, 0
350, 1078, 1, 2, 0, 0, 8.00%, 0, 0, 2, 2034.62, 862977, 4, 0, 0
355, 1091, 1, 2, 0, 0, 8.00%, 0, 0, 2, 2002.91, 873217, 4, 0, 0
360, 1104, 1, 2, 0, 0, 8.00%, 0, 0, 2, 2034.99, 883877, 4, 0, 0
365, 1117, 1, 2, 0, 0, 8.00%, 0, 0, 2, 2045.82, 894117, 4, 0, 0
370, 1130, 0, 2, 0, 0, 8.00%, 0, 0, 2, 2043.22, 904436, 4, 0, 0
375, 1143, 0, 2, 0, 0, 8.00%, 0, 0, 2, 2021.74, 914717, 4, 0, 0
380, 1155, 1, 2, 0, 0, 8.00%, 0, 0, 2, 2018.86, 924917, 4, 0, 0
385, 1168, 1, 2, 0, 0, 8.00%, 0, 0, 2, 1986.15, 935036, 4, 0, 0
390, 1181, 1, 2, 0, 0, 8.00%, 0, 0, 2, 2044.62, 945417, 4, 0, 0
395, 1194, 1, 2, 0, 0, 8.00%, 0, 0, 2, 2020.26, 955536, 4, 0, 0
400, 1207, 1, 2, 0, 0, 8.00%, 0, 0, 2, 2042.45, 965817, 4, 0, 0
405, 1219, 1, 2, 0, 0, 8.00%, 0, 0, 2, 2037.64, 976036, 4, 0, 0
410, 1232, 1, 2, 0, 0, 8.00%, 0, 0, 2, 2022.89, 986277, 4, 0, 0
415, 1245, 1, 2, 0, 0, 8.00%, 0, 0, 2, 2011.03, 996477, 4, 0, 0
420, 1258, 1, 2, 0, 0, 8.00%, 0, 0, 2, 2037.34, 1006817, 4, 0, 0
425, 1271, 1, 2, 0, 0, 8.00%, 0, 0, 2, 2037.14, 1016977, 4, 0, 0
430, 1283, 1, 2, 0, 0, 8.00%, 0, 0, 2, 2036.62, 1027177, 4, 0, 0
436, 1296, 1, 2, 0, 0, 8.00%, 0, 0, 2, 2033.23, 1037477, 4, 0, 0
441, 1309, 1, 2, 0, 0, 8.00%, 0, 0, 2, 2043.72, 1047736, 4, 0, 0
446, 1322, 0, 2, 0, 0, 8.00%, 0, 0, 2, 2028.14, 1057977, 4, 0, 0
451, 1335, 1, 2, 0, 0, 8.00%, 0, 0, 2, 2036.31, 1068217, 4, 0, 0
456, 1347, 1, 2, 0, 0, 8.00%, 0, 0, 2, 2038.94, 1078336, 4, 0, 0
461, 1360, 0, 2, 0, 0, 8.00%, 0, 0, 2, 2003.68, 1088417, 4, 0, 0
466, 1372, 1, 2, 0, 0, 8.00%, 0, 0, 2, 1972.04, 1098115, 4, 0, 0
471, 1385, 1, 2, 0, 0, 8.00%, 0, 0, 2, 2018.52, 1108377, 4, 0, 0
476, 1398, 0, 2, 0, 0, 8.00%, 0, 0, 2, 2033.59, 1118677, 4, 0, 0
481, 1411, 0, 2, 0, 0, 8.00%, 0, 0, 2, 2052.27, 1128978, 4, 0, 0
486, 1423, 1, 2, 0, 0, 8.00%, 0, 0, 2, 2023.81, 1139136, 4, 0, 0
491, 1436, 1, 2, 0, 0, 8.00%, 0, 0, 2, 2063.11, 1149536, 4, 0, 0
496, 1449, 1, 2, 0, 0, 8.00%, 0, 0, 2, 2028.61, 1159717, 4, 0, 0
501, 1462, 1, 2, 0, 0, 8.00%, 0, 0, 2, 2065.30, 1170119, 4, 0, 0
506, 1475, 1, 2, 0, 0, 8.00%, 0, 0, 2, 1997.66, 1180176, 4, 0, 0
511, 1487, 1, 2, 0, 0, 8.00%, 0, 0, 2, 2028.23, 1190477, 4, 0, 0
516, 1500, 1, 2, 0, 0, 8.00%, 0, 0, 2, 2045.30, 1200836, 4, 0, 0
521, 1513, 1, 2, 0, 0, 8.00%, 0, 0, 2, 2044.86, 1211136, 4, 0, 0
526, 1526, 0, 2, 0, 0, 8.00%, 0, 0, 2, 2061.21, 1221519, 4, 0, 0
531, 1539, 1, 2, 0, 0, 8.00%, 0, 0, 2, 2029.56, 1231577, 4, 0, 0
536, 1551, 1, 2, 0, 0, 8.00%, 0, 0, 2, 2020.38, 1241717, 4, 0, 0
542, 1565, 1, 2, 0, 0, 8.00%, 0, 0, 2, 2056.96, 1252478, 4, 0, 0
547, 1578, 1, 2, 0, 0, 8.00%, 0, 0, 2, 2040.39, 1263017, 4, 0, 0
552, 1591, 1, 2, 0, 0, 8.00%, 0, 0, 2, 2058.05, 1273419, 4, 0, 0
557, 1604, 1, 2, 0, 0, 8.00%, 0, 0, 2, 2057.06, 1283736, 4, 0, 0
562, 1617, 0, 2, 0, 0, 8.00%, 0, 0, 2, 2030.76, 1293978, 4, 0, 0
567, 1629, 1, 2, 0, 0, 8.00%, 0, 0, 2, 2023.87, 1304077, 4, 0, 0
572, 1642, 0, 2, 0, 0, 8.00%, 0, 0, 2, 2057.76, 1314436, 4, 0, 0
577, 1655, 1, 2, 0, 0, 8.00%, 0, 0, 2, 2030.72, 1324636, 4, 0, 0
582, 1667, 1, 2, 0, 0, 8.00%, 0, 0, 2, 1978.49, 1334315, 4, 0, 0
587, 1680, 1, 2, 0, 0, 8.00%, 0, 0, 2, 2020.66, 1344917, 4, 0, 0
592, 1693, 1, 2, 0, 0, 8.00%, 0, 0, 2, 2035.04, 1355077, 4, 0, 0
597, 1706, 1, 2, 0, 0, 8.00%, 0, 0, 2, 2015.92, 1365217, 4, 0, 0
602, 1719, 1, 2, 0, 0, 8.00%, 0, 0, 2, 2035.18, 1375436, 4, 0, 0
607, 1731, 0, 2, 0, 0, 8.00%, 0, 0, 2, 2027.37, 1385637, 4, 0, 0
612, 1744, 1, 2, 0, 0, 8.00%, 0, 0, 2, 2034.54, 1395917, 4, 0, 0
617, 1757, 1, 2, 0, 0, 8.00%, 0, 0, 2, 2013.71, 1406236, 4, 0, 0
622, 1769, 1, 2, 0, 0, 8.00%, 0, 0, 2, 1929.93, 1415936, 4, 0, 0
627, 1782, 0, 2, 0, 0, 8.00%, 0, 0, 2, 1975.06, 1425915, 4, 0, 0
633, 1794, 1, 2, 0, 0, 8.00%, 0, 0, 2, 1987.15, 1435915, 4, 0, 0
638, 1807, 0, 2, 0, 0, 8.00%, 0, 0, 2, 2011.52, 1446317, 4, 0, 0
643, 1820, 0, 2, 0, 0, 8.00%, 0, 0, 2, 2020.06, 1456777, 4, 0, 0
648, 1833, 1, 2, 0, 0, 8.00%, 0, 0, 2, 2019.35, 1466936, 4, 0, 0
653, 1845, 1, 2, 0, 0, 8.00%, 0, 0, 2, 1940.97, 1476913, 4, 0, 0
658, 1858, 0, 2, 0, 0, 8.00%, 0, 0, 2, 1968.32, 1487176, 4, 0, 0
663, 1871, 1, 2, 0, 0, 8.00%, 0, 0, 2, 2034.26, 1497536, 4, 0, 0
668, 1884, 1, 2, 0, 0, 8.00%, 0, 0, 2, 2043.04, 1507817, 4, 0, 0
674, 1897, 0, 2, 0, 0, 8.00%, 0, 0, 2, 2024.34, 1518177, 4, 0, 0
679, 1910, 1, 2, 0, 0, 8.00%, 0, 0, 2, 2014.95, 1528336, 4, 0, 0
684, 1922, 1, 2, 0, 0, 8.00%, 0, 0, 2, 1901.31, 1537913, 4, 0, 0
689, 1935, 1, 2, 0, 0, 8.00%, 0, 0, 2, 2003.88, 1548376, 4, 0, 0
694, 1948, 1, 2, 0, 0, 8.00%, 0, 0, 2, 2028.15, 1558617, 4, 0, 0
699, 1960, 1, 2, 0, 0, 8.00%, 0, 0, 2, 2015.50, 1568736, 4, 0, 0
704, 1973, 1, 2, 0, 0, 8.00%, 0, 0, 2, 2004.53, 1578776, 4, 0, 0
709, 1985, 1, 2, 0, 0, 8.00%, 0, 0, 2, 1992.79, 1588876, 4, 0, 0
714, 1998, 1, 2, 0, 0, 8.00%, 0, 0, 2, 2036.72, 1599277, 4, 0, 0
719, 2011, 1, 2, 0, 0, 8.00%, 0, 0, 2, 2039.49, 1609436, 4, 0, 0
724, 2024, 0, 2, 0, 0, 8.00%, 0, 0, 2, 2034.27, 1619677, 4, 0, 0
729, 2036, 1, 2, 0, 0, 8.00%, 0, 0, 2, 1930.78, 1629575, 4, 0, 0
734, 2049, 1, 2, 0, 0, 8.00%, 0, 0, 2, 2018.84, 1639817, 4, 0, 0
739, 2062, 0, 2, 0, 0, 8.00%, 0, 0, 2, 1975.77, 1649836, 4, 0, 0
744, 2074, 1, 2, 0, 0, 8.00%, 0, 0, 2, 1981.85, 1659815, 4, 0, 0
749, 2086, 1, 2, 0, 0, 8.00%, 0, 0, 2, 1866.72, 1669374, 4, 0, 0
754, 2099, 0, 2, 0, 0, 8.00%, 0, 0, 2, 1988.75, 1679536, 4, 0, 0
759, 2111, 1, 2, 0, 0, 8.00%, 0, 0, 2, 2011.13, 1689577, 4, 0, 0
764, 2124, 1, 2, 0, 0, 8.00%, 0, 0, 2, 2000.79, 1699636, 4, 0, 0
770, 2137, 1, 2, 0, 0, 8.00%, 0, 0, 2, 2013.16, 1709817, 4, 0, 0
775, 2149, 0, 2, 0, 0, 8.00%, 0, 0, 2, 2010.49, 1720017, 4, 0, 0
780, 2162, 1, 2, 0, 0, 8.00%, 0, 0, 2, 2015.84, 1730236, 4, 0, 0
785, 2175, 0, 2, 0, 0, 8.00%, 0, 0, 2, 1999.44, 1740417, 4, 0, 0
790, 2188, 0, 2, 0, 0, 8.00%, 0, 0, 2, 2028.84, 1750677, 4, 0, 0
795, 2201, 0, 2, 0, 0, 8.00%, 0, 0, 2, 2030.33, 1760977, 4, 0, 0
800, 2213, 0, 2, 0, 0, 8.00%, 0, 0, 2, 2018.34, 1771017, 4, 0, 0
805, 2225, 1, 2, 0, 0, 8.00%, 0, 0, 2, 1940.13, 1780936, 4, 0, 0
810, 2238, 1, 2, 0, 0, 8.00%, 0, 0, 2, 2015.85, 1791217, 4, 0, 0
815, 2251, 1, 2, 0, 0, 8.00%, 0, 0, 2, 2024.01, 1801277, 4, 0, 0
820, 2263, 1, 2, 0, 0, 8.00%, 0, 0, 2, 2009.67, 1811317, 4, 0, 0
825, 2276, 1, 2, 0, 0, 8.00%, 0, 0, 2, 2011.25, 1821377, 4, 0, 0
830, 2289, 1, 2, 0, 0, 8.00%, 0, 0, 2, 2031.97, 1831577, 4, 0, 0
835, 2301, 1, 2, 0, 0, 8.00%, 0, 0, 2, 1982.55, 1841476, 4, 0, 0
840, 2314, 1, 2, 0, 0, 8.00%, 0, 0, 2, 2033.45, 1851736, 4, 0, 0
845, 2326, 1, 2, 0, 0, 8.00%, 0, 0, 2, 1971.01, 1861476, 4, 0, 0
850, 2339, 1, 2, 0, 0, 8.00%, 0, 0, 2, 2007.03, 1871617, 4, 0, 0
855, 2352, 1, 2, 0, 0, 8.00%, 0, 0, 2, 2038.95, 1881917, 4, 0, 0
860, 2364, 1, 2, 0, 0, 8.00%, 0, 0, 2, 2002.23, 1891836, 4, 0, 0
865, 2377, 1, 2, 0, 0, 8.00%, 0, 0, 2, 2004.94, 1902117, 4, 0, 0
870, 2390, 1, 2, 0, 0, 8.00%, 0, 0, 2, 2017.54, 1912336, 4, 0, 0
875, 2402, 1, 2, 0, 0, 8.00%, 0, 0, 2, 1954.61, 1922115, 4, 0, 0
880, 2414, 1, 2, 0, 0, 8.00%, 0, 0, 2, 1957.43, 1932036, 4, 0, 0
886, 2427, 1, 2, 0, 0, 8.00%, 0, 0, 2, 1995.63, 1942115, 4, 0, 0
891, 2440, 1, 2, 0, 0, 8.00%, 0, 0, 2, 1988.32, 1952176, 4, 0, 0
896, 2452, 1, 2, 0, 0, 8.00%, 0, 0, 2, 1943.73, 1962275, 4, 0, 0
901, 2465, 1, 2, 0, 0, 8.00%, 0, 0, 2, 2024.42, 1972777, 4, 0, 0
906, 2478, 1, 2, 0, 0, 8.00%, 0, 0, 2, 2021.33, 1983036, 4, 0, 0
911, 2491, 1, 2, 0, 0, 8.00%, 0, 0, 2, 1979.15, 1993136, 4, 0, 0
916, 2503, 1, 2, 0, 0, 8.00%, 0, 0, 2, 2016.06, 2003277, 4, 0, 0
921, 2516, 0, 2, 0, 0, 8.00%, 0, 0, 2, 2043.37, 2013617, 4, 0, 0
926, 2528, 1, 2, 0, 0, 8.00%, 0, 0, 2, 1923.29, 2023313, 4, 0, 0
931, 2541, 1, 2, 0, 0, 8.00%, 0, 0, 2, 1912.02, 2033036, 4, 0, 0
936, 2553, 1, 2, 0, 0, 8.00%, 0, 0, 2, 1932.83, 2042713, 4, 0, 0
942, 2565, 1, 2, 0, 0, 8.00%, 0, 0, 2, 1959.64, 2052576, 4, 0, 0
947, 2578, 1, 2, 0, 0, 8.00%, 0, 0, 2, 2019.24, 2062636, 4, 0, 0
952, 2590, 1, 2, 0, 0, 8.00%, 0, 0, 2, 1997.10, 2072715, 4, 0, 0
957, 2602, 0, 2, 0, 0, 8.00%, 0, 0, 2, 1945.32, 2082336, 4, 0, 0
962, 2615, 0, 2, 0, 0, 8.00%, 0, 0, 2, 1956.33, 2092476, 4, 0, 0
967, 2627, 1, 2, 0, 0, 8.00%, 0, 0, 2, 1862.11, 2102036, 4, 0, 0
972, 2639, 1, 2, 0, 0, 8.00%, 0, 0, 2, 1965.47, 2111976, 4, 0, 0
977, 2652, 1, 2, 0, 0, 8.00%, 0, 0, 2, 2027.33, 2122277, 4, 0, 0
982, 2665, 1, 2, 0, 0, 8.00%, 0, 0, 2, 2041.66, 2132517, 4, 0, 0
987, 2677, 1, 2, 0, 0, 8.00%, 0, 0, 2, 1997.99, 2142376, 4, 0, 0
992, 2690, 1, 2, 0, 0, 8.00%, 0, 0, 2, 2031.27, 2152617, 4, 0, 0
997, 2703, 1, 2, 0, 0, 8.00%, 0, 0, 2, 2021.48, 2163136, 4, 0, 0
1003, 2717, 1, 2, 0, 0, 8.00%, 0, 0, 2, 2049.62, 2173817, 4, 0, 0
1008, 2730, 1, 2, 0, 0, 8.00%, 0, 0, 2, 2031.91, 2184177, 4, 0, 0
1013, 2743, 1, 2, 0, 0, 8.00%, 0, 0, 2, 2076.00, 2194619, 4, 0, 0
1018, 2755, 1, 2, 0, 0, 8.00%, 0, 0, 2, 2046.19, 2204817, 4, 0, 0
1023, 2767, 1, 2, 0, 0, 8.00%, 0, 0, 2, 1916.16, 2214475, 4, 0, 0
1028, 2780, 0, 2, 0, 0, 8.00%, 0, 0, 2, 1994.26, 2224515, 4, 0, 0
1033, 2793, 1, 2, 0, 0, 8.00%, 0, 0, 2, 1988.78, 2234915, 4, 0, 0
1038, 2806, 1, 2, 0, 0, 8.00%, 0, 0, 2, 2029.64, 2245177, 4, 0, 0
1043, 2818, 1, 2, 0, 0, 8.00%, 0, 0, 2, 1953.16, 2254676, 4, 0, 0
1048, 2830, 1, 2, 0, 0, 8.00%, 0, 0, 2, 1963.60, 2264336, 4, 0, 0
1053, 2842, 1, 2, 0, 0, 8.00%, 0, 0, 2, 1950.22, 2274075, 4, 0, 0
1058, 2855, 1, 2, 0, 0, 8.00%, 0, 0, 2, 1957.80, 2284236, 4, 0, 0
1063, 2867, 0, 2, 0, 0, 8.00%, 0, 0, 2, 1903.74, 2293877, 4, 0, 0
1068, 2879, 0, 2, 0, 0, 8.00%, 0, 0, 2, 1983.26, 2303818, 4, 0, 0
1073, 2892, 0, 2, 0, 0, 8.00%, 0, 0, 2, 2008.14, 2313978, 4, 0, 0
1079, 2905, 0, 2, 0, 0, 8.00%, 0, 0, 2, 2042.93, 2324578, 4, 0, 0
1084, 2918, 0, 2, 0, 0, 8.00%, 0, 0, 2, 2058.21, 2334879, 4, 0, 0
1089, 2929, 0, 2, 0, 0, 8.00%, 0, 0, 2, 1693.96, 2343606, 4, 0, 0
1094, 2940, 1, 2, 0, 0, 8.00%, 0, 0, 2, 1823.94, 2352937, 4, 0, 0
1099, 2953, 1, 2, 0, 0, 8.00%, 0, 0, 2, 1945.63, 2362714, 4, 0, 0
1104, 2965, 1, 2, 0, 0, 8.00%, 0, 0, 2, 1922.64, 2372614, 4, 0, 0
1109, 2977, 1, 2, 0, 0, 8.00%, 0, 0, 2, 1874.75, 2381937, 4, 0, 0
1114, 2990, 1, 2, 0, 0, 8.00%, 0, 0, 2, 1975.74, 2392337, 4, 0, 0
1119, 3002, 1, 2, 0, 0, 8.00%, 0, 0, 2, 2009.36, 2402437, 4, 0, 0
1124, 3015, 1, 2, 0, 0, 8.00%, 0, 0, 2, 2036.04, 2412618, 4, 0, 0
1129, 3028, 1, 2, 0, 0, 8.00%, 0, 0, 2, 2018.81, 2422818, 4, 0, 0
1135, 3041, 1, 2, 0, 0, 8.00%, 0, 0, 2, 2014.20, 2433418, 4, 0, 0
1140, 3054, 1, 2, 0, 0, 8.00%, 0, 0, 2, 2035.22, 2443618, 4, 0, 0
1145, 3067, 1, 2, 0, 0, 8.00%, 0, 0, 2, 2037.28, 2453818, 4, 0, 0
1150, 3080, 1, 2, 0, 0, 8.00%, 0, 0, 2, 2045.81, 2464178, 4, 0, 0
1155, 3092, 1, 2, 0, 0, 8.00%, 0, 0, 2, 2006.75, 2474278, 4, 0, 0
1160, 3105, 1, 2, 0, 0, 8.00%, 0, 0, 2, 1996.29, 2484377, 4, 0, 0
1165, 3118, 0, 2, 0, 0, 8.00%, 0, 0, 2, 1986.25, 2494577, 4, 0, 0
1170, 3131, 1, 2, 0, 0, 8.00%, 0, 0, 2, 2059.95, 2505020, 4, 0, 0
1175, 3143, 1, 2, 0, 0, 8.00%, 0, 0, 2, 2036.78, 2515278, 4, 0, 0
1180, 3156, 1, 2, 0, 0, 8.00%, 0, 0, 2, 2045.48, 2525537, 4, 0, 0
1185, 3169, 0, 2, 0, 0, 8.00%, 0, 0, 2, 2016.14, 2535678, 4, 0, 0
1190, 3182, 1, 2, 0, 0, 8.00%, 0, 0, 2, 1995.64, 2545777, 4, 0, 0
1195, 3194, 1, 2, 0, 0, 8.00%, 0, 0, 2, 1988.95, 2555777, 4, 0, 0
1200, 3207, 1, 2, 0, 0, 8.00%, 0, 0, 2, 2001.38, 2565777, 4, 0, 0
1205, 3219, 1, 2, 0, 0, 8.00%, 0, 0, 2, 2037.48, 2576118, 4, 0, 0
1210, 3233, 1, 2, 0, 0, 8.00%, 0, 0, 2, 2046.92, 2586718, 4, 0, 0
1215, 3245, 1, 2, 0, 0, 8.00%, 0, 0, 2, 2027.39, 2596837, 4, 0, 0
1220, 3258, 1, 2, 0, 0, 8.00%, 0, 0, 2, 2054.54, 2607137, 4, 0, 0
1225, 3271, 1, 2, 0, 0, 8.00%, 0, 0, 2, 1942.44, 2617076, 4, 0, 0
1231, 3284, 1, 2, 0, 0, 8.00%, 0, 0, 2, 2042.16, 2627478, 4, 0, 0
1236, 3296, 0, 2, 0, 0, 8.00%, 0, 0, 2, 2001.57, 2637577, 4, 0, 0
1241, 3309, 1, 2, 0, 0, 8.00%, 0, 0, 2, 2037.25, 2647918, 4, 0, 0
1246, 3322, 1, 2, 0, 0, 8.00%, 0, 0, 2, 2040.75, 2658137, 4, 0, 0
1251, 3335, 1, 2, 0, 0, 8.00%, 0, 0, 2, 2028.32, 2668318, 4, 0, 0
1256, 3347, 0, 2, 0, 0, 8.00%, 0, 0, 2, 1960.74, 2678277, 4, 0, 0
1261, 3360, 1, 2, 0, 0, 8.00%, 0, 0, 2, 1993.33, 2688437, 4, 0, 0
1266, 3373, 1, 2, 0, 0, 8.00%, 0, 0, 2, 1987.02, 2698716, 4, 0, 0
1271, 3385, 1, 2, 0, 0, 8.00%, 0, 0, 2, 1988.29, 2708837, 4, 0, 0
1276, 3398, 1, 2, 0, 0, 8.00%, 0, 0, 2, 2028.25, 2719037, 4, 0, 0
1281, 3411, 1, 2, 0, 0, 8.00%, 0, 0, 2, 2046.08, 2729378, 4, 0, 0
1286, 3423, 1, 2, 0, 0, 8.00%, 0, 0, 2, 1925.76, 2738976, 4, 0, 0
1291, 3437, 1, 2, 0, 0, 8.00%, 0, 0, 2, 2101.90, 2749937, 4, 0, 0
1297, 3451, 1, 2, 0, 0, 8.00%, 0, 0, 2, 2164.05, 2761324, 4, 0, 0
1302, 3465, 1, 2, 0, 0, 8.00%, 0, 0, 2, 2165.25, 2772537, 4, 0, 0
1307, 3479, 1, 2, 0, 0, 8.00%, 0, 0, 2, 2183.35, 2783724, 4, 0, 0
1312, 3493, 1, 2, 0, 0, 8.00%, 0, 0, 2, 2157.60, 2794624, 4, 0, 0
1317, 3506, 0, 2, 0, 0, 8.00%, 0, 0, 2, 2131.29, 2805580, 4, 0, 0
1322, 3520, 1, 2, 0, 0, 8.00%, 0, 0, 2, 2147.89, 2816722, 4, 0, 0
1327, 3534, 0, 2, 0, 0, 8.00%, 0, 0, 2, 2136.84, 2827780, 4, 0, 0
1333, 3547, 1, 2, 0, 0, 8.00%, 0, 0, 2, 2068.64, 2838479, 4, 0, 0
1338, 3560, 1, 2, 0, 0, 8.00%, 0, 0, 2, 2029.37, 2848878, 4, 0, 0
1343, 3574, 1, 2, 0, 0, 8.00%, 0, 0, 2, 2124.24, 2859780, 4, 0, 0
1348, 3588, 1, 2, 0, 0, 8.00%, 0, 0, 2, 2139.39, 2870780, 4, 0, 0
1353, 3602, 1, 2, 0, 0, 8.00%, 0, 0, 2, 2186.64, 2882124, 4, 0, 0
1359, 3616, 1, 2, 0, 0, 8.00%, 0, 0, 2, 2157.24, 2893224, 4, 0, 0
1364, 3629, 1, 2, 0, 0, 8.00%, 0, 0, 2, 2146.08, 2904124, 4, 0, 0
1369, 3644, 0, 2, 0, 0, 8.00%, 0, 0, 2, 2176.64, 2915524, 4, 0, 0
1374, 3658, 1, 2, 0, 0, 8.00%, 0, 0, 2, 2150.56, 2926680, 4, 0, 0
1379, 3672, 1, 2, 0, 0, 8.00%, 0, 0, 2, 2196.04, 2937981, 4, 0, 0
1384, 3686, 1, 2, 0, 0, 8.00%, 0, 0, 2, 2185.90, 2949224, 4, 0, 0
1389, 3699, 1, 2, 0, 0, 8.00%, 0, 0, 2, 2152.56, 2960122, 4, 0, 0
1395, 3713, 1, 2, 0, 0, 8.00%, 0, 0, 2, 2098.99, 2970780, 4, 0, 0
1400, 3727, 1, 2, 0, 0, 8.00%, 0, 0, 2, 2124.49, 2981837, 4, 0, 0
1405, 3739, 1, 2, 0, 0, 8.00%, 0, 0, 2, 2036.08, 2992118, 4, 0, 0
1410, 3753, 1, 2, 0, 0, 8.00%, 0, 0, 2, 2139.30, 3003280, 4, 0, 0
1415, 3767, 1, 2, 0, 0, 8.00%, 0, 0, 2, 2163.62, 3014381, 4, 0, 0
1420, 3781, 1, 2, 0, 0, 8.00%, 0, 0, 2, 2123.06, 3025237, 4, 0, 0
1425, 3795, 0, 2, 0, 0, 8.00%, 0, 0, 2, 2114.21, 3036180, 4, 0, 0
1431, 3809, 1, 2, 0, 0, 8.00%, 0, 0, 2, 2163.74, 3047381, 4, 0, 0
1436, 3823, 1, 2, 0, 0, 8.00%, 0, 0, 2, 2166.96, 3058624, 4, 0, 0
1441, 3837, 1, 2, 0, 0, 8.00%, 0, 0, 2, 2168.45, 3069781, 4, 0, 0
1446, 3850, 1, 2, 0, 0, 8.00%, 0, 0, 2, 2183.65, 3080937, 4, 0, 0
1451, 3864, 1, 2, 0, 0, 8.00%, 0, 0, 2, 2138.00, 3091980, 4, 0, 0
1456, 3878, 1, 2, 0, 0, 8.00%, 0, 0, 2, 2184.27, 3103281, 4, 0, 0
1461, 3892, 1, 2, 0, 0, 8.00%, 0, 0, 2, 2100.49, 3114179, 4, 0, 0
1466, 3905, 1, 2, 0, 0, 8.00%, 0, 0, 2, 2066.61, 3124620, 4, 0, 0
1472, 3919, 1, 2, 0, 0, 8.00%, 0, 0, 2, 2149.28, 3135822, 4, 0, 0
1477, 3933, 1, 2, 0, 0, 8.00%, 0, 0, 2, 2144.36, 3146880, 4, 0, 0
1482, 3947, 1, 2, 0, 0, 8.00%, 0, 0, 2, 2159.54, 3158081, 4, 0, 0
1487, 3960, 1, 2, 0, 0, 8.00%, 0, 0, 2, 2127.82, 3168722, 4, 0, 0
1492, 3974, 0, 2, 0, 0, 8.00%, 0, 0, 2, 2179.10, 3179924, 4, 0, 0
1497, 3988, 1, 2, 0, 0, 8.00%, 0, 0, 2, 2149.05, 3190922, 4, 0, 0
1503, 4002, 1, 2, 0, 0, 8.00%, 0, 0, 2, 2203.63, 3202282, 4, 0, 0
1508, 4016, 1, 2, 0, 0, 8.00%, 0, 0, 2, 2186.09, 3213324, 4, 0, 0
1513, 4029, 0, 2, 0, 0, 8.00%, 0, 0, 2, 2127.28, 3223922, 4, 0, 0
1518, 4043, 1, 2, 0, 0, 8.00%, 0, 0, 2, 2154.40, 3235024, 4, 0, 0
1523, 4057, 1, 2, 0, 0, 8.00%, 0, 0, 2, 2176.88, 3246237, 4, 0, 0
1528, 4071, 1, 2, 0, 0, 8.00%, 0, 0, 2, 2170.37, 3257281, 4, 0, 0
1533, 4085, 1, 2, 0, 0, 8.00%, 0, 0, 2, 2184.41, 3268481, 4, 0, 0
1538, 4099, 0, 2, 0, 0, 8.00%, 0, 0, 2, 2166.44, 3279581, 4, 0, 0
1544, 4113, 1, 2, 0, 0, 8.00%, 0, 0, 2, 2158.58, 3290737, 4, 0, 0
1549, 4126, 0, 2, 0, 0, 8.00%, 0, 0, 2, 2130.52, 3301422, 4, 0, 0
1554, 4140, 0, 2, 0, 0, 8.00%, 0, 0, 2, 2161.55, 3312581, 4, 0, 0
1559, 4154, 0, 2, 0, 0, 8.00%, 0, 0, 2, 2143.54, 3323622, 4, 0, 0
1564, 4168, 1, 2, 0, 0, 8.00%, 0, 0, 2, 2160.91, 3334781, 4, 0, 0
1569, 4182, 0, 2, 0, 0, 8.00%, 0, 0, 2, 2169.66, 3346037, 4, 0, 0
1574, 4196, 1, 2, 0, 0, 8.00%, 0, 0, 2, 2158.61, 3357224, 4, 0, 0
1579, 4209, 0, 2, 0, 0, 8.00%, 0, 0, 2, 2146.98, 3367837, 4, 0, 0
1585, 4223, 1, 2, 0, 0, 8.00%, 0, 0, 2, 2069.96, 3378823, 4, 0, 0
1590, 4237, 1, 2, 0, 0, 8.00%, 0, 0, 2, 2148.16, 3389838, 4, 0, 0
1595, 4250, 0, 2, 0, 0, 8.00%, 0, 0, 2, 2110.28, 3400781, 4, 0, 0
1600, 4263, 1, 2, 0, 0, 8.00%, 0, 0, 2, 2046.87, 3410879, 4, 0, 0
1605, 4276, 1, 2, 0, 0, 8.00%, 0, 0, 2, 2082.13, 3421521, 4, 0, 0
1610, 4290, 1, 2, 0, 0, 8.00%, 0, 0, 2, 2147.54, 3432523, 4, 0, 0
1615, 4303, 0, 2, 0, 0, 8.00%, 0, 0, 2, 2148.78, 3443338, 4, 0, 0
1621, 4317, 1, 2, 0, 0, 8.00%, 0, 0, 2, 2145.76, 3454282, 4, 0, 0
1626, 4331, 1, 2, 0, 0, 8.00%, 0, 0, 2, 2157.13, 3465482, 4, 0, 0
1631, 4345, 0, 2, 0, 0, 8.00%, 0, 0, 2, 2160.25, 3476538, 4, 0, 0
1636, 4357, 1, 2, 0, 0, 8.00%, 0, 0, 2, 1953.66, 3486417, 4, 0, 0
1641, 4370, 1, 2, 0, 0, 8.00%, 0, 0, 2, 1974.71, 3496778, 4, 0, 0
1646, 4384, 1, 2, 0, 0, 8.00%, 0, 0, 2, 2118.57, 3507923, 4, 0, 0
1651, 4398, 1, 2, 0, 0, 8.00%, 0, 0, 2, 2177.39, 3519125, 4, 0, 0
1656, 4412, 1, 2, 0, 0, 8.00%, 0, 0, 2, 2181.47, 3530338, 4, 0, 0
1662, 4426, 1, 2, 0, 0, 8.00%, 0, 0, 2, 2181.02, 3541582, 4, 0, 0
1667, 4439, 1, 2, 0, 0, 8.00%, 0, 0, 2, 2009.86, 3552019, 4, 0, 0
1672, 4453, 1, 2, 0, 0, 8.00%, 0, 0, 2, 2165.31, 3563325, 4, 0, 0
1677, 4467, 0, 2, 0, 0, 8.00%, 0, 0, 2, 2159.88, 3574425, 4, 0, 0
1682, 4481, 1, 2, 0, 0, 8.00%, 0, 0, 2, 2122.34, 3585381, 4, 0, 0
1688, 4495, 1, 2, 0, 0, 8.00%, 0, 0, 2, 2100.65, 3596438, 4, 0, 0
1693, 4507, 1, 2, 0, 0, 8.00%, 0, 0, 2, 2018.81, 3606519, 4, 0, 0
1698, 4521, 1, 2, 0, 0, 8.00%, 0, 0, 2, 2059.46, 3617023, 4, 0, 0
1703, 4535, 0, 2, 0, 0, 8.00%, 0, 0, 2, 2178.93, 3628482, 4, 0, 0
1708, 4549, 1, 2, 0, 0, 8.00%, 0, 0, 2, 2157.93, 3639482, 4, 0, 0
1713, 4563, 1, 2, 0, 0, 8.00%, 0, 0, 2, 2199.78, 3650838, 4, 0, 0
1718, 4577, 1, 2, 0, 0, 8.00%, 0, 0, 2, 2193.54, 3662138, 4, 0, 0
1723, 4591, 1, 2, 0, 0, 8.00%, 0, 0, 2, 2195.92, 3673438, 4, 0, 0
1729, 4605, 1, 2, 0, 0, 8.00%, 0, 0, 2, 2132.57, 3684438, 4, 0, 0
1734, 4619, 1, 2, 0, 0, 8.00%, 0, 0, 2, 2191.23, 3695782, 4, 0, 0
1739, 4633, 1, 2, 0, 0, 8.00%, 0, 0, 2, 2192.67, 3707025, 4, 0, 0
1744, 4647, 1, 2, 0, 0, 8.00%, 0, 0, 2, 2165.94, 3718025, 4, 0, 0
1749, 4661, 1, 2, 0, 0, 8.00%, 0, 0, 2, 2176.64, 3729282, 4, 0, 0
1754, 4675, 1, 2, 0, 0, 8.00%, 0, 0, 2, 2173.83, 3740525, 4, 0, 0
1759, 4688, 1, 2, 0, 0, 8.00%, 0, 0, 2, 2065.15, 3750881, 4, 0, 0
1764, 4702, 1, 2, 0, 0, 8.00%, 0, 0, 2, 2175.09, 3762382, 4, 0, 0
1770, 4716, 1, 2, 0, 0, 8.00%, 0, 0, 2, 2173.55, 3773425, 4, 0, 0
1775, 4730, 1, 2, 0, 0, 8.00%, 0, 0, 2, 2207.98, 3784883, 4, 0, 0
1780, 4744, 0, 2, 0, 0, 8.00%, 0, 0, 2, 2164.37, 3796025, 4, 0, 0
1785, 4758, 1, 2, 0, 0, 8.00%, 0, 0, 2, 2125.54, 3806738, 4, 0, 0
1790, 4772, 1, 2, 0, 0, 8.00%, 0, 0, 2, 2167.49, 3818038, 4, 0, 0
1795, 4785, 1, 2, 0, 0, 8.00%, 0, 0, 2, 2153.01, 3828925, 4, 0, 0
1800, 4799, 1, 2, 0, 0, 8.00%, 0, 0, 2, 2150.22, 3839825, 4, 0, 0
1806, 4813, 1, 2, 0, 0, 8.00%, 0, 0, 2, 2156.70, 3850982, 4, 0, 0
1811, 4827, 1, 2, 0, 0, 8.00%, 0, 0, 2, 2151.43, 3862081, 4, 0, 0
1816, 4841, 1, 2, 0, 0, 8.00%, 0, 0, 2, 2172.93, 3873138, 4, 0, 0
1821, 4854, 1, 2, 0, 0, 8.00%, 0, 0, 2, 2142.63, 3883881, 4, 0, 0
1826, 4868, 1, 2, 0, 0, 8.00%, 0, 0, 2, 2133.38, 3894723, 4, 0, 0
1831, 4881, 0, 2, 0, 0, 8.00%, 0, 0, 2, 2163.71, 3905582, 4, 0, 0
1836, 4895, 1, 2, 0, 0, 8.00%, 0, 0, 2, 2127.52, 3916581, 4, 0, 0
1841, 4909, 1, 2, 0, 0, 8.00%, 0, 0, 2, 2167.95, 3927825, 4, 0, 0
1846, 4923, 1, 2, 0, 0, 8.00%, 0, 0, 2, 2172.82, 3938982, 4, 0, 0
1851, 4936, 1, 2, 0, 0, 8.00%, 0, 0, 2, 2136.49, 3949623, 4, 0, 0
1856, 4949, 1, 2, 0, 0, 8.00%, 0, 0, 2, 2045.77, 3959980, 4, 0, 0
1862, 4963, 1, 2, 0, 0, 8.00%, 0, 0, 2, 2150.42, 3971323, 4, 0, 0
1867, 4978, 1, 2, 0, 0, 8.00%, 0, 0, 2, 2195.03, 3982682, 4, 0, 0
1872, 4992, 1, 2, 0, 0, 8.00%, 0, 0, 2, 2163.67, 3993782, 4, 0, 0
1877, 5005, 1, 2, 0, 0, 8.00%, 0, 0, 2, 2163.38, 4004882, 4, 0, 0
1882, 5019, 1, 2, 0, 0, 8.00%, 0, 0, 2, 2119.28, 4015838, 4, 0, 0
1887, 5033, 1, 2, 0, 0, 8.00%, 0, 0, 2, 2160.77, 4026925, 4, 0, 0
1893, 5047, 0, 2, 0, 0, 8.00%, 0, 0, 2, 2190.75, 4038125, 4, 0, 0
1898, 5061, 1, 2, 0, 0, 8.00%, 0, 0, 2, 2156.57, 4049438, 4, 0, 0
1903, 5075, 0, 2, 0, 0, 8.00%, 0, 0, 2, 2168.73, 4060525, 4, 0, 0
1908, 5088, 1, 2, 0, 0, 8.00%, 0, 0, 2, 2150.52, 4071225, 4, 0, 0
1913, 5102, 1, 2, 0, 0, 8.00%, 0, 0, 2, 2134.52, 4082238, 4, 0, 0
1918, 5116, 0, 2, 0, 0, 8.00%, 0, 0, 2, 2152.26, 4093425, 4, 0, 0
1923, 5130, 1, 2, 0, 0, 8.00%, 0, 0, 2, 2188.84, 4104725, 4, 0, 0
1928, 5144, 1, 2, 0, 0, 8.00%, 0, 0, 2, 2199.72, 4115783, 4, 0, 0
1934, 5158, 1, 2, 0, 0, 8.00%, 0, 0, 2, 2166.83, 4126838, 4, 0, 0
1939, 5172, 1, 2, 0, 0, 8.00%, 0, 0, 2, 2173.34, 4138038, 4, 0, 0
1944, 5186, 1, 2, 0, 0, 8.00%, 0, 0, 2, 2210.93, 4149027, 4, 0, 0
1949, 5200, 1, 2, 0, 0, 8.00%, 0, 0, 2, 2203.96, 4160327, 4, 0, 0
1954, 5214, 1, 2, 0, 0, 8.00%, 0, 0, 2, 2237.01, 4171827, 4, 0, 0
1959, 5228, 1, 2, 0, 0, 8.00%, 0, 0, 2, 2198.74, 4183038, 4, 0, 0
1964, 5242, 1, 2, 0, 0, 8.00%, 0, 0, 2, 2202.74, 4194438, 4, 0, 0
1970, 5256, 1, 2, 0, 0, 8.00%, 0, 0, 2, 2174.88, 4205538, 4, 0, 0
1975, 5270, 1, 2, 0, 0, 8.00%, 0, 0, 2, 2156.34, 4216325, 4, 0, 0
1980, 5284, 0, 2, 0, 0, 8.00%, 0, 0, 2, 2220.94, 4227783, 4, 0, 0
1985, 5298, 0, 2, 0, 0, 8.00%, 0, 0, 2, 2204.11, 4239083, 4, 0, 0
1990, 5312, 1, 2, 0, 0, 8.00%, 0, 0, 2, 2184.71, 4250338, 4, 0, 0
1995, 5326, 0, 2, 0, 0, 8.00%, 0, 0, 2, 2181.40, 4261582, 4, 0, 0
2000, 5341, 1, 2, 0, 0, 8.00%, 0, 0, 2, 2201.21, 4272982, 4, 0, 0
2006, 5354, 0, 2, 0, 0, 8.00%, 0, 0, 2, 2160.41, 4284138, 4, 0, 0
2011, 5369, 1, 2, 0, 0, 8.00%, 0, 0, 2, 2215.19, 4295627, 4, 0, 0
2016, 5382, 0, 2, 0, 0, 8.00%, 0, 0, 2, 2193.68, 4306525, 4, 0, 0
2021, 5396, 0, 2, 0, 0, 8.00%, 0, 0, 2, 2153.90, 4317225, 4, 0, 0
2026, 5410, 1, 2, 0, 0, 8.00%, 0, 0, 2, 2186.76, 4328582, 4, 0, 0
2031, 5423, 1, 2, 0, 0, 8.00%, 0, 0, 2, 2096.01, 4339023, 4, 0, 0
2036, 5436, 1, 2, 0, 0, 8.00%, 0, 0, 2, 2109.32, 4349581, 4, 0, 0
2041, 5450, 1, 2, 0, 0, 8.00%, 0, 0, 2, 2159.56, 4360725, 4, 0, 0
2046, 5464, 1, 2, 0, 0, 8.00%, 0, 0, 2, 2172.53, 4371982, 4, 0, 0
2051, 5478, 1, 2, 0, 0, 8.00%, 0, 0, 2, 2205.36, 4383027, 4, 0, 0
2056, 5492, 1, 2, 0, 0, 8.00%, 0, 0, 2, 2163.19, 4394082, 4, 0, 0
2061, 5505, 1, 2, 0, 0, 8.00%, 0, 0, 2, 2137.52, 4404581, 4, 0, 0
2067, 5519, 1, 2, 0, 0, 8.00%, 0, 0, 2, 2155.66, 4415681, 4, 0, 0
2072, 5533, 1, 2, 0, 0, 8.00%, 0, 0, 2, 2192.06, 4426982, 4, 0, 0
2077, 5547, 0, 2, 0, 0, 8.00%, 0, 0, 2, 2177.48, 4438238, 4, 0, 0
2082, 5561, 1, 2, 0, 0, 8.00%, 0, 0, 2, 2189.54, 4449482, 4, 0, 0
2087, 5575, 1, 2, 0, 0, 8.00%, 0, 0, 2, 2172.30, 4460282, 4, 0, 0
2092, 5589, 1, 2, 0, 0, 8.00%, 0, 0, 2, 2207.88, 4471627, 4, 0, 0
2097, 5603, 1, 2, 0, 0, 8.00%, 0, 0, 2, 2178.54, 4482682, 4, 0, 0
2103, 5617, 1, 2, 0, 0, 8.00%, 0, 0, 2, 2194.69, 4494038, 4, 0, 0
2108, 5631, 1, 2, 0, 0, 8.00%, 0, 0, 2, 2202.46, 4505082, 4, 0, 0
2113, 5644, 1, 2, 0, 0, 8.00%, 0, 0, 2, 2161.06, 4515882, 4, 0, 0
2118, 5659, 1, 2, 0, 0, 8.00%, 0, 0, 2, 2209.97, 4527427, 4, 0, 0
2123, 5672, 1, 2, 0, 0, 8.00%, 0, 0, 2, 2137.13, 4538438, 4, 0, 0
2128, 5685, 1, 2, 0, 0, 8.00%, 0, 0, 2, 2125.77, 4548923, 4, 0, 0
2133, 5699, 1, 2, 0, 0, 8.00%, 0, 0, 2, 2150.21, 4560038, 4, 0, 0
2138, 5713, 1, 2, 0, 0, 8.00%, 0, 0, 2, 2156.77, 4571025, 4, 0, 0
2143, 5727, 1, 2, 0, 0, 8.00%, 0, 0, 2, 2177.19, 4582338, 4, 0, 0
2148, 5741, 1, 2, 0, 0, 8.00%, 0, 0, 2, 2173.18, 4593182, 4, 0, 0
2154, 5755, 1, 2, 0, 0, 8.00%, 0, 0, 2, 2137.60, 4604238, 4, 0, 0
2159, 5769, 1, 2, 0, 0, 8.00%, 0, 0, 2, 2189.54, 4615582, 4, 0, 0
2164, 5783, 1, 2, 0, 0, 8.00%, 0, 0, 2, 2216.70, 4626983, 4, 0, 0
2169, 5797, 1, 2, 0, 0, 8.00%, 0, 0, 2, 2202.34, 4638283, 4, 0, 0
2174, 5811, 1, 2, 0, 0, 8.00%, 0, 0, 2, 2214.90, 4649683, 4, 0, 0
2179, 5825, 1, 2, 0, 0, 8.00%, 0, 0, 2, 2180.80, 4660838, 4, 0, 0
2184, 5839, 1, 2, 0, 0, 8.00%, 0, 0, 2, 2165.07, 4671727, 4, 0, 0
2190, 5853, 1, 2, 0, 0, 8.00%, 0, 0, 2, 2196.28, 4682938, 4, 0, 0
2195, 5867, 1, 2, 0, 0, 8.00%, 0, 0, 2, 2205.74, 4694283, 4, 0, 0
2200, 5881, 1, 2, 0, 0, 8.00%, 0, 0, 2, 2194.86, 4705738, 4, 0, 0
2205, 5896, 1, 2, 0, 0, 8.00%, 0, 0, 2, 2199.42, 4717082, 4, 0, 0
2210, 5910, 1, 2, 0, 0, 8.00%, 0, 0, 2, 2205.68, 4728427, 4, 0, 0
2215, 5924, 1, 2, 0, 0, 8.00%, 0, 0, 2, 2156.25, 4739525, 4, 0, 0
2221, 5938, 1, 2, 0, 0, 8.00%, 0, 0, 2, 2174.38, 4750838, 4, 0, 0
2226, 5952, 0, 2, 0, 0, 8.00%, 0, 0, 2, 2202.77, 4762238, 4, 0, 0
2231, 5966, 1, 2, 0, 0, 8.00%, 0, 0, 2, 2186.95, 4773625, 4, 0, 0
2236, 5980, 1, 2, 0, 0, 8.00%, 0, 0, 2, 2198.78, 4784938, 4, 0, 0
2241, 5994, 1, 2, 0, 0, 8.00%, 0, 0, 2, 2177.02, 4796125, 4, 0, 0
2246, 6009, 1, 2, 0, 0, 8.00%, 0, 0, 2, 2149.19, 4807382, 4, 0, 0
2252, 6023, 1, 2, 0, 0, 8.00%, 0, 0, 2, 2203.11, 4818827, 4, 0, 0
2257, 6037, 1, 2, 0, 0, 8.00%, 0, 0, 2, 2192.35, 4830225, 4, 0, 0
2262, 6051, 1, 2, 0, 0, 8.00%, 0, 0, 2, 2129.70, 4841181, 4, 0, 0
2267, 6065, 0, 2, 0, 0, 8.00%, 0, 0, 2, 2155.09, 4852425, 4, 0, 0
2272, 6079, 1, 2, 0, 0, 8.00%, 0, 0, 2, 2198.21, 4863882, 4, 0, 0
2277, 6092, 0, 2, 0, 0, 8.00%, 0, 0, 2, 2124.76, 4874338, 4, 0, 0
2282, 6107, 1, 2, 0, 0, 8.00%, 0, 0, 2, 2217.78, 4885883, 4, 0, 0
2288, 6121, 0, 2, 0, 0, 8.00%, 0, 0, 2, 2182.60, 4897182, 4, 0, 0
2293, 6135, 1, 2, 0, 0, 8.00%, 0, 0, 2, 2172.66, 4908482, 4, 0, 0
2298, 6149, 1, 2, 0, 0, 8.00%, 0, 0, 2, 2150.77, 4919523, 4, 0, 0
2303, 6163, 1, 2, 0, 0, 8.00%, 0, 0, 2, 2172.14, 4930825, 4, 0, 0
2308, 6177, 1, 2, 0, 0, 8.00%, 0, 0, 2, 2151.51, 4941982, 4, 0, 0
2314, 6191, 1, 2, 0, 0, 8.00%, 0, 0, 2, 2179.13, 4953282, 4, 0, 0
2319, 6205, 1, 2, 0, 0, 8.00%, 0, 0, 2, 2182.62, 4964538, 4, 0, 0
2324, 6219, 1, 2, 0, 0, 8.00%, 0, 0, 2, 2198.40, 4975925, 4, 0, 0
2329, 6233, 1, 2, 0, 0, 8.00%, 0, 0, 2, 2157.62, 4987138, 4, 0, 0
2334, 6248, 1, 2, 0, 0, 8.00%, 0, 0, 2, 2205.40, 4998683, 4, 0, 0
2339, 6262, 0, 2, 0, 0, 8.00%, 0, 0, 2, 2216.19, 5009883, 4, 0, 0
2344, 6276, 0, 2, 0, 0, 8.00%, 0, 0, 2, 2219.29, 5021238, 4, 0, 0
2350, 6290, 0, 2, 0, 0, 8.00%, 0, 0, 2, 2224.90, 5032783, 4, 0, 0
2355, 6304, 1, 2, 0, 0, 8.00%, 0, 0, 2, 2199.29, 5044138, 4, 0, 0
2360, 6319, 1, 2, 0, 0, 8.00%, 0, 0, 2, 2204.52, 5055383, 4, 0, 0
2365, 6332, 1, 2, 0, 0, 8.00%, 0, 0, 2, 2117.37, 5066481, 4, 0, 0
2370, 6347, 1, 2, 0, 0, 8.00%, 0, 0, 2, 2189.56, 5077982, 4, 0, 0
2376, 6361, 1, 2, 0, 0, 8.00%, 0, 0, 2, 2230.71, 5089527, 4, 0, 0
2381, 6375, 1, 2, 0, 0, 8.00%, 0, 0, 2, 2213.38, 5100927, 4, 0, 0
2386, 6389, 1, 2, 0, 0, 8.00%, 0, 0, 2, 2174.73, 5111682, 4, 0, 0
2391, 6403, 1, 2, 0, 0, 8.00%, 0, 0, 2, 2213.35, 5123283, 4, 0, 0
2396, 6417, 1, 2, 0, 0, 8.00%, 0, 0, 2, 2153.00, 5134338, 4, 0, 0
2401, 6432, 1, 2, 0, 0, 8.00%, 0, 0, 2, 2220.62, 5145883, 4, 0, 0
2406, 6446, 1, 2, 0, 0, 8.00%, 0, 0, 2, 2228.89, 5157438, 4, 0, 0
2412, 6460, 1, 2, 0, 0, 8.00%, 0, 0, 2, 2191.39, 5168482, 4, 0, 0
2417, 6474, 1, 2, 0, 0, 8.00%, 0, 0, 2, 2116.22, 5179481, 4, 0, 0
2422, 6488, 1, 2, 0, 0, 8.00%, 0, 0, 2, 2207.22, 5191027, 4, 0, 0
2427, 6502, 1, 2, 0, 0, 8.00%, 0, 0, 2, 2052.27, 5201780, 4, 0, 0
2432, 6516, 1, 2, 0, 0, 8.00%, 0, 0, 2, 2192.99, 5213238, 4, 0, 0
2437, 6530, 1, 2, 0, 0, 8.00%, 0, 0, 2, 2192.37, 5224438, 4, 0, 0
2442, 6542, 0, 2, 0, 0, 8.00%, 0, 0, 2, 543.90, 5234293, 4, 0, 0
2448, 6556, 0, 2, 0, 0, 8.00%, 0, 0, 2, 1866.94, 5245538, 4, 0, 0
2453, 6568, 1, 2, 0, 0, 8.00%, 0, 0, 2, 1806.13, 5254638, 4, 0, 0
2458, 6580, 1, 2, 0, 0, 8.00%, 0, 0, 2, 1962.18, 5264477, 4, 0, 0
2463, 6594, 1, 2, 0, 0, 8.00%, 0, 0, 2, 2078.64, 5275439, 4, 0, 0
2468, 6606, 1, 2, 0, 0, 8.00%, 0, 0, 2, 2037.25, 5285679, 4, 0, 0
2473, 6618, 1, 2, 0, 0, 8.00%, 0, 0, 2, 1944.73, 5295015, 4, 0, 0
2478, 6631, 1, 2, 0, 0, 8.00%, 0, 0, 2, 2030.53, 5305179, 4, 0, 0
2483, 6643, 1, 2, 0, 0, 8.00%, 0, 0, 2, 1969.92, 5314817, 4, 0, 0
2488, 6656, 1, 2, 0, 0, 8.00%, 0, 0, 2, 2103.83, 5325481, 4, 0, 0
2493, 6670, 1, 2, 0, 0, 8.00%, 0, 0, 2, 2093.64, 5336221, 4, 0, 0
2498, 6682, 1, 2, 0, 0, 8.00%, 0, 0, 2, 2023.57, 5346438, 4, 0, 0
2504, 6696, 1, 2, 0, 0, 8.00%, 0, 0, 2, 2110.69, 5357181, 4, 0, 0
2509, 6709, 1, 2, 0, 0, 8.00%, 0, 0, 2, 2036.06, 5367719, 4, 0, 0
2514, 6722, 1, 2, 0, 0, 8.00%, 0, 0, 2, 2081.53, 5378321, 4, 0, 0
2519, 6736, 1, 2, 0, 0, 8.00%, 0, 0, 2, 2163.75, 5389482, 4, 0, 0
2524, 6750, 1, 2, 0, 0, 8.00%, 0, 0, 2, 2158.95, 5400582, 4, 0, 0
2529, 6764, 1, 2, 0, 0, 8.00%, 0, 0, 2, 2128.42, 5411623, 4, 0, 0
2534, 6777, 1, 2, 0, 0, 8.00%, 0, 0, 2, 2067.06, 5422080, 4, 0, 0
2539, 6790, 1, 2, 0, 0, 8.00%, 0, 0, 2, 2060.94, 5432480, 4, 0, 0
2544, 6803, 1, 2, 0, 0, 8.00%, 0, 0, 2, 2050.90, 5442621, 4, 0, 0
2549, 6815, 1, 2, 0, 0, 8.00%, 0, 0, 2, 1959.66, 5452315, 4, 0, 0
2555, 6828, 0, 2, 0, 0, 8.00%, 0, 0, 2, 2005.09, 5462719, 4, 0, 0
2560, 6841, 0, 2, 0, 0, 8.00%, 0, 0, 2, 2036.41, 5473219, 4, 0, 0
2565, 6854, 1, 2, 0, 0, 8.00%, 0, 0, 2, 2133.82, 5484023, 4, 0, 0
2570, 6868, 1, 2, 0, 0, 8.00%, 0, 0, 2, 2086.96, 5494981, 4, 0, 0
2575, 6882, 0, 2, 0, 0, 8.00%, 0, 0, 2, 2145.17, 5506225, 4, 0, 0
2580, 6896, 1, 2, 0, 0, 8.00%, 0, 0, 2, 2130.18, 5517223, 4, 0, 0
2586, 6910, 1, 2, 0, 0, 8.00%, 0, 0, 2, 2163.51, 5528382, 4, 0, 0
2591, 6923, 1, 2, 0, 0, 8.00%, 0, 0, 2, 2137.60, 5539323, 4, 0, 0
2596, 6938, 1, 2, 0, 0, 8.00%, 0, 0, 2, 2191.00, 5550582, 4, 0, 0
2601, 6952, 0, 2, 0, 0, 8.00%, 0, 0, 2, 2176.87, 5561782, 4, 0, 0
2606, 6965, 1, 2, 0, 0, 8.00%, 0, 0, 2, 2156.81, 5572525, 4, 0, 0
2611, 6978, 1, 2, 0, 0, 8.00%, 0, 0, 2, 2096.49, 5582980, 4, 0, 0
2616, 6992, 1, 2, 0, 0, 8.00%, 0, 0, 2, 2145.15, 5594123, 4, 0, 0
2621, 7006, 1, 2, 0, 0, 8.00%, 0, 0, 2, 2189.78, 5605425, 4, 0, 0
2627, 7020, 1, 2, 0, 0, 8.00%, 0, 0, 2, 2166.89, 5616625, 4, 0, 0
2632, 7034, 1, 2, 0, 0, 8.00%, 0, 0, 2, 2188.28, 5627925, 4, 0, 0
2637, 7048, 0, 2, 0, 0, 8.00%, 0, 0, 2, 2167.65, 5639025, 4, 0, 0
2642, 7062, 1, 2, 0, 0, 8.00%, 0, 0, 2, 2189.16, 5650383, 4, 0, 0
2647, 7076, 1, 2, 0, 0, 8.00%, 0, 0, 2, 2131.85, 5661225, 4, 0, 0
2652, 7090, 0, 2, 0, 0, 8.00%, 0, 0, 2, 2193.92, 5672682, 4, 0, 0
2658, 7104, 1, 2, 0, 0, 8.00%, 0, 0, 2, 2186.86, 5683982, 4, 0, 0
2663, 7118, 1, 2, 0, 0, 8.00%, 0, 0, 2, 2175.36, 5695182, 4, 0, 0
2668, 7130, 1, 2, 0, 0, 8.00%, 0, 0, 2, 1897.73, 5704339, 4, 0, 0
2673, 7142, 1, 2, 0, 0, 8.00%, 0, 0, 2, 1954.70, 5714378, 4, 0, 0
2678, 7155, 1, 2, 0, 0, 8.00%, 0, 0, 2, 2011.41, 5724439, 4, 0, 0
2683, 7168, 1, 2, 0, 0, 8.00%, 0, 0, 2, 2033.40, 5735020, 4, 0, 0
2688, 7181, 1, 2, 0, 0, 8.00%, 0, 0, 2, 2083.30, 5745522, 4, 0, 0
2693, 7193, 1, 2, 0, 0, 8.00%, 0, 0, 2, 1872.36, 5754977, 4, 0, 0
2698, 7206, 1, 2, 0, 0, 8.00%, 0, 0, 2, 2042.54, 5765280, 4, 0, 0
2703, 7219, 1, 2, 0, 0, 8.00%, 0, 0, 2, 2130.10, 5775840, 4, 0, 0
2709, 7233, 1, 2, 0, 0, 8.00%, 0, 0, 2, 2121.58, 5786682, 4, 0, 0
2714, 7247, 1, 2, 0, 0, 8.00%, 0, 0, 2, 2157.13, 5797783, 4, 0, 0
2719, 7261, 1, 2, 0, 0, 8.00%, 0, 0, 2, 2188.12, 5809183, 4, 0, 0
2724, 7274, 1, 2, 0, 0, 8.00%, 0, 0, 2, 2158.98, 5819939, 4, 0, 0
2729, 7288, 1, 2, 0, 0, 8.00%, 0, 0, 2, 2207.48, 5831284, 4, 0, 0
2734, 7303, 1, 2, 0, 0, 8.00%, 0, 0, 2, 2213.86, 5842728, 4, 0, 0
2739, 7317, 1, 2, 0, 0, 8.00%, 0, 0, 2, 2208.28, 5854084, 4, 0, 0
2745, 7331, 1, 2, 0, 0, 8.00%, 0, 0, 2, 2205.05, 5865328, 4, 0, 0
2750, 7345, 1, 2, 0, 0, 8.00%, 0, 0, 2, 2183.11, 5876626, 4, 0, 0
2755, 7359, 1, 2, 0, 0, 8.00%, 0, 0, 2, 2153.71, 5887783, 4, 0, 0
2760, 7373, 0, 2, 0, 0, 8.00%, 0, 0, 2, 2199.45, 5899239, 4, 0, 0
2765, 7388, 0, 2, 0, 0, 8.00%, 0, 0, 2, 2227.77, 5910784, 4, 0, 0
2770, 7402, 1, 2, 0, 0, 8.00%, 0, 0, 2, 2199.03, 5922039, 4, 0, 0
2776, 7416, 1, 2, 0, 0, 8.00%, 0, 0, 2, 2204.75, 5933339, 4, 0, 0
2781, 7430, 1, 2, 0, 0, 8.00%, 0, 0, 2, 2134.45, 5944426, 4, 0, 0
2786, 7442, 1, 2, 0, 0, 8.00%, 0, 0, 2, 1892.07, 5953978, 4, 0, 0
2791, 7454, 1, 2, 0, 0, 8.00%, 0, 0, 2, 1920.43, 5963578, 4, 0, 0
2796, 7467, 1, 2, 0, 0, 8.00%, 0, 0, 2, 2055.19, 5974180, 4, 0, 0
2801, 7481, 1, 2, 0, 0, 8.00%, 0, 0, 2, 2173.99, 5985583, 4, 0, 0
2806, 7495, 1, 2, 0, 0, 8.00%, 0, 0, 2, 2199.89, 5996939, 4, 0, 0
2812, 7510, 1, 2, 0, 0, 8.00%, 0, 0, 2, 2198.24, 6008184, 4, 0, 0
2817, 7523, 1, 2, 0, 0, 8.00%, 0, 0, 2, 2145.15, 6019182, 4, 0, 0
2822, 7537, 1, 2, 0, 0, 8.00%, 0, 0, 2, 2188.31, 6030526, 4, 0, 0
2827, 7551, 1, 2, 0, 0, 8.00%, 0, 0, 2, 2174.23, 6041726, 4, 0, 0
2832, 7565, 1, 2, 0, 0, 8.00%, 0, 0, 2, 2158.39, 6052839, 4, 0, 0
2837, 7579, 1, 2, 0, 0, 8.00%, 0, 0, 2, 2169.73, 6063983, 4, 0, 0
2843, 7593, 1, 2, 0, 0, 8.00%, 0, 0, 2, 2154.92, 6075126, 4, 0, 0
2848, 7607, 0, 2, 0, 0, 8.00%, 0, 0, 2, 2155.50, 6086126, 4, 0, 0
2853, 7621, 1, 2, 0, 0, 8.00%, 0, 0, 2, 2210.21, 6097584, 4, 0, 0
2858, 7635, 1, 2, 0, 0, 8.00%, 0, 0, 2, 2205.99, 6108839, 4, 0, 0
2863, 7649, 1, 2, 0, 0, 8.00%, 0, 0, 2, 2157.61, 6119983, 4, 0, 0
2868, 7663, 0, 2, 0, 0, 8.00%, 0, 0, 2, 2159.30, 6131239, 4, 0, 0
2874, 7678, 1, 2, 0, 0, 8.00%, 0, 0, 2, 2195.04, 6142726, 4, 0, 0
2879, 7692, 0, 2, 0, 0, 8.00%, 0, 0, 2, 2203.69, 6154028, 4, 0, 0
2884, 7706, 1, 2, 0, 0, 8.00%, 0, 0, 2, 2222.87, 6165484, 4, 0, 0
2889, 7720, 1, 2, 0, 0, 8.00%, 0, 0, 2, 2184.79, 6176884, 4, 0, 0
2894, 7734, 1, 2, 0, 0, 8.00%, 0, 0, 2, 2154.00, 6187939, 4, 0, 0
2899, 7748, 0, 2, 0, 0, 8.00%, 0, 0, 2, 2184.35, 6199283, 4, 0, 0
2905, 7762, 1, 2, 0, 0, 8.00%, 0, 0, 2, 2155.04, 6210526, 4, 0, 0
2910, 7776, 1, 2, 0, 0, 8.00%, 0, 0, 2, 2178.66, 6221683, 4, 0, 0
2915, 7789, 1, 2, 0, 0, 8.00%, 0, 0, 2, 2059.54, 6232081, 4, 0, 0
2920, 7803, 0, 2, 0, 0, 8.00%, 0, 0, 2, 2153.67, 6243082, 4, 0, 0
2925, 7817, 1, 2, 0, 0, 8.00%, 0, 0, 2, 2138.58, 6254124, 4, 0, 0
2930, 7831, 1, 2, 0, 0, 8.00%, 0, 0, 2, 2145.31, 6265124, 4, 0, 0
2935, 7845, 0, 2, 0, 0, 8.00%, 0, 0, 2, 2127.90, 6276282, 4, 0, 0
2941, 7859, 1, 2, 0, 0, 8.00%, 0, 0, 2, 2196.43, 6287583, 4, 0, 0
2946, 7873, 1, 2, 0, 0, 8.00%, 0, 0, 2, 2204.62, 6299039, 4, 0, 0
2951, 7888, 1, 2, 0, 0, 8.00%, 0, 0, 2, 2235.31, 6310584, 4, 0, 0
2956, 7902, 1, 2, 0, 0, 8.00%, 0, 0, 2, 2182.39, 6321826, 4, 0, 0
2961, 7916, 1, 2, 0, 0, 8.00%, 0, 0, 2, 2193.14, 6333139, 4, 0, 0
2966, 7929, 1, 2, 0, 0, 8.00%, 0, 0, 2, 2138.54, 6343739, 4, 0, 0
2971, 7943, 1, 2, 0, 0, 8.00%, 0, 0, 2, 2214.06, 6355184, 4, 0, 0
2977, 7957, 1, 2, 0, 0, 8.00%, 0, 0, 2, 2202.04, 6366383, 4, 0, 0
2982, 7972, 1, 2, 0, 0, 8.00%, 0, 0, 2, 2197.87, 6377826, 4, 0, 0
2987, 7986, 1, 2, 0, 0, 8.00%, 0, 0, 2, 2217.82, 6389228, 4, 0, 0
2992, 8000, 1, 2, 0, 0, 8.00%, 0, 0, 2, 2205.50, 6400628, 4, 0, 0
2997, 8014, 1, 2, 0, 0, 8.00%, 0, 0, 2, 2191.87, 6411939, 4, 0, 0
3002, 8029, 1, 2, 0, 0, 8.00%, 0, 0, 2, 2206.62, 6423428, 4, 0, 0
3008, 8043, 1, 2, 0, 0, 8.00%, 0, 0, 2, 2207.18, 6434828, 4, 0, 0
3013, 8057, 1, 2, 0, 0, 8.00%, 0, 0, 2, 2174.38, 6446083, 4, 0, 0
3018, 8071, 1, 2, 0, 0, 8.00%, 0, 0, 2, 2158.68, 6457239, 4, 0, 0
3023, 8084, 1, 2, 0, 0, 8.00%, 0, 0, 2, 2107.69, 6467839, 4, 0, 0
3028, 8098, 0, 2, 0, 0, 8.00%, 0, 0, 2, 2177.64, 6479026, 4, 0, 0
3033, 8112, 1, 2, 0, 0, 8.00%, 0, 0, 2, 2218.63, 6490484, 4, 0, 0
3038, 8127, 1, 2, 0, 0, 8.00%, 0, 0, 2, 2223.80, 6501884, 4, 0, 0
3044, 8141, 1, 2, 0, 0, 8.00%, 0, 0, 2, 2194.64, 6513183, 4, 0, 0
3049, 8154, 1, 2, 0, 0, 8.00%, 0, 0, 2, 2179.53, 6524139, 4, 0, 0
3054, 8169, 1, 2, 0, 0, 8.00%, 0, 0, 2, 2225.91, 6535639, 4, 0, 0
3059, 8183, 1, 2, 0, 0, 8.00%, 0, 0, 2, 2216.18, 6546884, 4, 0, 0
3064, 8197, 1, 2, 0, 0, 8.00%, 0, 0, 2, 2220.13, 6558339, 4, 0, 0
3069, 8211, 1, 2, 0, 0, 8.00%, 0, 0, 2, 2182.31, 6569683, 4, 0, 0
3074, 8226, 1, 2, 0, 0, 8.00%, 0, 0, 2, 2204.23, 6581139, 4, 0, 0
3079, 8239, 1, 2, 0, 0, 8.00%, 0, 0, 2, 2175.54, 6592126, 4, 0, 0
3084, 8253, 1, 2, 0, 0, 8.00%, 0, 0, 2, 2148.56, 6602924, 4, 0, 0
3089, 8266, 1, 2, 0, 0, 8.00%, 0, 0, 2, 2184.37, 6613726, 4, 0, 0
3095, 8280, 1, 2, 0, 0, 8.00%, 0, 0, 2, 2103.42, 6624682, 4, 0, 0
3100, 8293, 1, 2, 0, 0, 8.00%, 0, 0, 2, 2052.29, 6634980, 4, 0, 0
3105, 8307, 0, 2, 0, 0, 8.00%, 0, 0, 2, 2082.40, 6645922, 4, 0, 0
3110, 8320, 1, 2, 0, 0, 8.00%, 0, 0, 2, 2177.16, 6656883, 4, 0, 0
3115, 8334, 0, 2, 0, 0, 8.00%, 0, 0, 2, 2069.13, 6667622, 4, 0, 0
3120, 8347, 0, 2, 0, 0, 8.00%, 0, 0, 2, 2126.25, 6678524, 4, 0, 0
