# relative_time, cycles_done, cur_item, corpus_count, pending_total, pending_favs, map_size, saved_crashes, saved_hangs, max_depth, execs_per_sec, total_execs, edges_found, total_crashes, servers_count
61, 56, 12, 13, 0, 0, 50.00%, 0, 0, 3, 1906.83, 115735, 25, 0, 0
66, 61, 9, 13, 0, 0, 50.00%, 0, 0, 3, 1914.26, 125262, 25, 0, 0
71, 65, 5, 13, 0, 0, 50.00%, 0, 0, 3, 1894.23, 135060, 25, 0, 0
76, 71, 9, 13, 0, 0, 50.00%, 0, 0, 3, 1896.79, 144835, 25, 0, 0
81, 75, 1, 13, 0, 0, 50.00%, 0, 0, 3, 1895.64, 154636, 25, 0, 0
87, 79, 9, 13, 0, 0, 50.00%, 0, 0, 3, 1882.19, 164373, 25, 0, 0
92, 84, 7, 13, 0, 0, 50.00%, 0, 0, 3, 1892.57, 174134, 25, 0, 0
97, 89, 9, 13, 0, 0, 50.00%, 0, 0, 3, 1897.79, 183710, 25, 0, 0
102, 94, 1, 13, 0, 0, 50.00%, 0, 0, 3, 1916.78, 193563, 25, 0, 0
107, 99, 9, 13, 0, 0, 50.00%, 0, 0, 3, 1905.77, 203275, 25, 0, 0
112, 104, 5, 13, 0, 0, 50.00%, 0, 0, 3, 1892.00, 212836, 25, 0, 0
117, 109, 5, 13, 0, 0, 50.00%, 0, 0, 3, 1876.42, 222274, 25, 0, 0
122, 113, 5, 13, 0, 0, 50.00%, 0, 0, 3, 1884.50, 231824, 25, 0, 0
127, 118, 5, 13, 0, 0, 50.00%, 0, 0, 3, 1861.65, 241563, 25, 0, 0
132, 123, 9, 13, 0, 0, 50.00%, 0, 0, 3, 1883.25, 251124, 25, 0, 0
138, 128, 9, 13, 0, 0, 50.00%, 0, 0, 3, 1913.03, 261063, 25, 0, 0
143, 133, 9, 13, 0, 0, 50.00%, 0, 0, 3, 1902.65, 270913, 25, 0, 0
148, 137, 11, 13, 0, 0, 50.00%, 0, 0, 3, 1868.40, 280611, 25, 0, 0
153, 142, 9, 13, 0, 0, 50.00%, 0, 0, 3, 1883.76, 290436, 25, 0, 0
158, 146, 9, 13, 0, 0, 50.00%, 0, 0, 3, 1849.06, 299774, 25, 0, 0
163, 151, 11, 13, 0, 0, 50.00%, 0, 0, 3, 1920.44, 309811, 25, 0, 0
169, 156, 10, 13, 0, 0, 50.00%, 0, 0, 3, 1903.50, 319611, 25, 0, 0
174, 161, 9, 13, 0, 0, 50.00%, 0, 0, 3, 1861.20, 329336, 25, 0, 0
179, 166, 5, 13, 0, 0, 50.00%, 0, 0, 3, 1903.76, 339213, 25, 0, 0
184, 171, 9, 13, 0, 0, 50.00%, 0, 0, 3, 1903.92, 349113, 25, 0, 0
189, 176, 5, 13, 0, 0, 50.00%, 0, 0, 3, 1897.52, 358761, 25, 0, 0
194, 181, 9, 13, 0, 0, 50.00%, 0, 0, 3, 1902.99, 368613, 25, 0, 0
199, 185, 11, 13, 0, 0, 50.00%, 0, 0, 3, 1874.96, 377986, 25, 0, 0
205, 190, 9, 13, 0, 0, 50.00%, 0, 0, 3, 1924.42, 388036, 25, 0, 0
210, 195, 12, 13, 0, 0, 50.00%, 0, 0, 3, 1891.38, 397786, 25, 0, 0
215, 200, 5, 13, 0, 0, 50.00%, 0, 0, 3, 1916.85, 407636, 25, 0, 0
220, 204, 10, 13, 0, 0, 50.00%, 0, 0, 3, 1868.70, 417286, 25, 0, 0
225, 209, 9, 13, 0, 0, 50.00%, 0, 0, 3, 1865.53, 426886, 25, 0, 0
230, 214, 9, 13, 0, 0, 50.00%, 0, 0, 3, 1899.98, 436863, 25, 0, 0
236, 219, 5, 13, 0, 0, 50.00%, 0, 0, 3, 1797.99, 446236, 25, 0, 0
241, 223, 9, 13, 0, 0, 50.00%, 0, 0, 3, 1830.25, 455709, 25, 0, 0
246, 228, 5, 13, 0, 0, 50.00%, 0, 0, 3, 1911.48, 465363, 25, 0, 0
251, 232, 9, 13, 0, 0, 50.00%, 0, 0, 3, 1877.93, 474774, 25, 0, 0
256, 237, 9, 13, 0, 0, 50.00%, 0, 0, 3, 1921.44, 484425, 25, 0, 0
261, 241, 9, 13, 0, 0, 50.00%, 0, 0, 3, 1902.27, 493836, 25, 0, 0
266, 246, 5, 13, 0, 0, 50.00%, 0, 0, 3, 1877.00, 503625, 25, 0, 0
271, 251, 9, 13, 0, 0, 50.00%, 0, 0, 3, 1911.41, 513525, 25, 0, 0
276, 255, 7, 13, 0, 0, 50.00%, 0, 0, 3, 1886.27, 522998, 25, 0, 0
281, 260, 11, 13, 0, 0, 50.00%, 0, 0, 3, 1879.03, 532361, 25, 0, 0
286, 265, 5, 13, 0, 0, 50.00%, 0, 0, 3, 1899.63, 541911, 25, 0, 0
291, 269, 9, 13, 0, 0, 50.00%, 0, 0, 3, 1893.75, 551386, 25, 0, 0
296, 274, 9, 13, 0, 0, 50.00%, 0, 0, 3, 1891.74, 560863, 25, 0, 0
302, 279, 5, 13, 0, 0, 50.00%, 0, 0, 3, 1847.15, 570459, 25, 0, 0
307, 284, 9, 13, 0, 0, 50.00%, 0, 0, 3, 1892.38, 580011, 25, 0, 0
312, 288, 5, 13, 0, 0, 50.00%, 0, 0, 3, 1887.97, 589762, 25, 0, 0
317, 293, 5, 13, 0, 0, 50.00%, 0, 0, 3, 1845.43, 599462, 25, 0, 0
322, 298, 5, 13, 0, 0, 50.00%, 0, 0, 3, 1918.32, 609187, 25, 0, 0
327, 302, 4, 13, 0, 0, 50.00%, 0, 0, 3, 1909.53, 619164, 25, 0, 0
332, 307, 9, 13, 0, 0, 50.00%, 0, 0, 3, 1903.13, 629164, 25, 0, 0
338, 312, 5, 13, 0, 0, 50.00%, 0, 0, 3, 1835.94, 638774, 25, 0, 0
343, 317, 12, 13, 0, 0, 50.00%, 0, 0, 3, 1895.83, 648712, 25, 0, 0
348, 322, 5, 13, 0, 0, 50.00%, 0, 0, 3, 1858.16, 658112, 25, 0, 0
353, 327, 7, 13, 0, 0, 50.00%, 0, 0, 3, 1788.44, 667028, 25, 0, 0
358, 331, 9, 13, 0, 0, 50.00%, 0, 0, 3, 1855.47, 676762, 25, 0, 0
363, 336, 5, 13, 0, 0, 50.00%, 0, 0, 3, 1847.48, 685960, 25, 0, 0
368, 341, 5, 13, 0, 0, 50.00%, 0, 0, 3, 1843.03, 695337, 25, 0, 0
373, 345, 9, 13, 0, 0, 50.00%, 0, 0, 3, 1864.61, 705125, 25, 0, 0
378, 350, 5, 13, 0, 0, 50.00%, 0, 0, 3, 1864.64, 714575, 25, 0, 0
383, 354, 9, 13, 0, 0, 50.00%, 0, 0, 3, 1896.55, 724075, 25, 0, 0
388, 359, 9, 13, 0, 0, 50.00%, 0, 0, 3, 1840.14, 733324, 25, 0, 0
393, 364, 5, 13, 0, 0, 50.00%, 0, 0, 3, 1828.43, 742537, 25, 0, 0
399, 368, 12, 13, 0, 0, 50.00%, 0, 0, 3, 1783.08, 751637, 25, 0, 0
404, 374, 4, 13, 0, 0, 50.00%, 0, 0, 3, 1825.92, 760910, 25, 0, 0
409, 378, 9, 13, 0, 0, 50.00%, 0, 0, 3, 1831.65, 770474, 25, 0, 0
414, 383, 9, 13, 0, 0, 50.00%, 0, 0, 3, 1856.74, 779862, 25, 0, 0
419, 389, 9, 13, 0, 0, 50.00%, 0, 0, 3, 1844.70, 789487, 25, 0, 0
424, 393, 9, 13, 0, 0, 50.00%, 0, 0, 3, 1875.52, 799262, 25, 0, 0
429, 398, 7, 13, 0, 0, 50.00%, 0, 0, 3, 1818.34, 808224, 25, 0, 0
434, 403, 9, 13, 0, 0, 50.00%, 0, 0, 3, 1884.13, 817712, 25, 0, 0
439, 407, 5, 13, 0, 0, 50.00%, 0, 0, 3, 1867.83, 827125, 25, 0, 0
445, 412, 11, 13, 0, 0, 50.00%, 0, 0, 3, 1929.70, 837162, 25, 0, 0
450, 417, 10, 13, 0, 0, 50.00%, 0, 0, 3, 1901.11, 846587, 25, 0, 0
455, 422, 10, 13, 0, 0, 50.00%, 0, 0, 3, 1815.67, 856137, 25, 0, 0
460, 426, 9, 13, 0, 0, 50.00%, 0, 0, 3, 1828.19, 865160, 25, 0, 0
465, 431, 10, 13, 0, 0, 50.00%, 0, 0, 3, 1877.67, 874937, 25, 0, 0
470, 436, 4, 13, 0, 0, 50.00%, 0, 0, 3, 1854.83, 884537, 25, 0, 0
475, 441, 1, 13, 0, 0, 50.00%, 0, 0, 3, 1831.63, 894196, 25, 0, 0
481, 446, 5, 13, 0, 0, 50.00%, 0, 0, 3, 1865.41, 903988, 25, 0, 0
486, 450, 9, 13, 0, 0, 50.00%, 0, 0, 3, 1876.74, 913587, 25, 0, 0
491, 454, 9, 13, 0, 0, 50.00%, 0, 0, 3, 1866.38, 922812, 25, 0, 0
496, 460, 5, 13, 0, 0, 50.00%, 0, 0, 3, 1911.97, 932714, 25, 0, 0
501, 464, 5, 13, 0, 0, 50.00%, 0, 0, 3, 1791.18, 941587, 25, 0, 0
506, 469, 5, 13, 0, 0, 50.00%, 0, 0, 3, 1854.79, 950937, 25, 0, 0
511, 474, 5, 13, 0, 0, 50.00%, 0, 0, 3, 1829.44, 960310, 25, 0, 0
516, 478, 7, 13, 0, 0, 50.00%, 0, 0, 3, 1859.84, 969886, 25, 0, 0
521, 483, 4, 13, 0, 0, 50.00%, 0, 0, 3, 1772.24, 979160, 25, 0, 0
526, 487, 9, 13, 0, 0, 50.00%, 0, 0, 3, 1825.49, 988237, 25, 0, 0
531, 491, 5, 13, 0, 0, 50.00%, 0, 0, 3, 1839.87, 997374, 25, 0, 0
537, 496, 4, 13, 0, 0, 50.00%, 0, 0, 3, 1878.55, 1007175, 25, 0, 0
542, 501, 5, 13, 0, 0, 50.00%, 0, 0, 3, 1875.72, 1016925, 25, 0, 0
547, 506, 5, 13, 0, 0, 50.00%, 0, 0, 3, 1889.34, 1026812, 25, 0, 0
552, 511, 7, 13, 0, 0, 50.00%, 0, 0, 3, 1867.54, 1036549, 25, 0, 0
557, 516, 10, 13, 0, 0, 50.00%, 0, 0, 3, 1893.94, 1046112, 25, 0, 0
562, 521, 7, 13, 0, 0, 50.00%, 0, 0, 3, 1878.59, 1055436, 25, 0, 0
567, 525, 9, 13, 0, 0, 50.00%, 0, 0, 3, 1896.58, 1065326, 25, 0, 0
572, 530, 5, 13, 0, 0, 50.00%, 0, 0, 3, 1874.25, 1074625, 25, 0, 0
577, 534, 9, 13, 0, 0, 50.00%, 0, 0, 3, 1786.67, 1083724, 25, 0, 0
583, 539, 5, 13, 0, 0, 50.00%, 0, 0, 3, 1860.55, 1093525, 25, 0, 0
588, 543, 5, 13, 0, 0, 50.00%, 0, 0, 3, 1870.66, 1102787, 25, 0, 0
593, 547, 9, 13, 0, 0, 50.00%, 0, 0, 3, 1853.28, 1111925, 25, 0, 0
598, 552, 5, 13, 0, 0, 50.00%, 0, 0, 3, 1855.54, 1121174, 25, 0, 0
603, 557, 1, 13, 0, 0, 50.00%, 0, 0, 3, 1876.22, 1130662, 25, 0, 0
608, 561, 5, 13, 0, 0, 50.00%, 0, 0, 3, 1818.47, 1139960, 25, 0, 0
613, 566, 5, 13, 0, 0, 50.00%, 0, 0, 3, 1882.55, 1149837, 25, 0, 0
618, 571, 5, 13, 0, 0, 50.00%, 0, 0, 3, 1833.85, 1159260, 25, 0, 0
623, 575, 12, 13, 0, 0, 50.00%, 0, 0, 3, 1865.21, 1168637, 25, 0, 0
628, 580, 5, 13, 0, 0, 50.00%, 0, 0, 3, 1898.29, 1178187, 25, 0, 0
633, 585, 10, 13, 0, 0, 50.00%, 0, 0, 3, 1863.33, 1187462, 25, 0, 0
639, 590, 9, 13, 0, 0, 50.00%, 0, 0, 3, 1873.87, 1197262, 25, 0, 0
644, 595, 5, 13, 0, 0, 50.00%, 0, 0, 3, 1883.18, 1206987, 25, 0, 0
649, 600, 9, 13, 0, 0, 50.00%, 0, 0, 3, 1816.74, 1216287, 25, 0, 0
654, 605, 9, 13, 0, 0, 50.00%, 0, 0, 3, 1835.85, 1225660, 25, 0, 0
659, 609, 5, 13, 0, 0, 50.00%, 0, 0, 3, 1859.14, 1235312, 25, 0, 0
664, 614, 5, 13, 0, 0, 50.00%, 0, 0, 3, 1837.38, 1244474, 25, 0, 0
669, 619, 9, 13, 0, 0, 50.00%, 0, 0, 3, 1795.30, 1253437, 25, 0, 0
674, 624, 4, 13, 0, 0, 50.00%, 0, 0, 3, 1885.55, 1262925, 25, 0, 0
679, 629, 1, 13, 0, 0, 50.00%, 0, 0, 3, 1884.63, 1272675, 25, 0, 0
685, 634, 11, 13, 0, 0, 50.00%, 0, 0, 3, 1860.51, 1282012, 25, 0, 0
690, 638, 9, 13, 0, 0, 50.00%, 0, 0, 3, 1869.22, 1291325, 25, 0, 0
695, 644, 9, 13, 0, 0, 50.00%, 0, 0, 3, 1904.65, 1301264, 25, 0, 0
700, 648, 1, 13, 0, 0, 50.00%, 0, 0, 3, 1736.26, 1309993, 25, 0, 0
705, 652, 7, 13, 0, 0, 50.00%, 0, 0, 3, 1718.02, 1318974, 25, 0, 0
710, 657, 1, 13, 0, 0, 50.00%, 0, 0, 3, 1801.64, 1328228, 25, 0, 0
715, 661, 11, 13, 0, 0, 50.00%, 0, 0, 3, 1772.01, 1337112, 25, 0, 0
720, 666, 5, 13, 0, 0, 50.00%, 0, 0, 3, 1869.31, 1346975, 25, 0, 0
725, 670, 5, 13, 0, 0, 50.00%, 0, 0, 3, 1862.28, 1356287, 25, 0, 0
731, 676, 5, 13, 0, 0, 50.00%, 0, 0, 3, 1830.76, 1365610, 25, 0, 0
736, 680, 1, 13, 0, 0, 50.00%, 0, 0, 3, 1808.54, 1374646, 25, 0, 0
741, 684, 8, 13, 0, 0, 50.00%, 0, 0, 3, 1726.11, 1383172, 25, 0, 0
746, 689, 1, 13, 0, 0, 50.00%, 0, 0, 3, 1830.81, 1392782, 25, 0, 0
751, 695, 7, 13, 0, 0, 50.00%, 0, 0, 3, 1881.24, 1402675, 25, 0, 0
756, 700, 9, 13, 0, 0, 50.00%, 0, 0, 3, 1850.70, 1412074, 25, 0, 0
761, 705, 9, 13, 0, 0, 50.00%, 0, 0, 3, 1851.87, 1421662, 25, 0, 0
766, 709, 9, 13, 0, 0, 50.00%, 0, 0, 3, 1871.21, 1431337, 25, 0, 0
772, 715, 4, 13, 0, 0, 50.00%, 0, 0, 3, 1904.35, 1440862, 25, 0, 0
777, 719, 7, 13, 0, 0, 50.00%, 0, 0, 3, 1917.43, 1450352, 25, 0, 0
782, 723, 5, 13, 0, 0, 50.00%, 0, 0, 3, 1879.48, 1459675, 25, 0, 0
787, 728, 5, 13, 0, 0, 50.00%, 0, 0, 3, 1905.50, 1469612, 25, 0, 0
792, 732, 9, 13, 0, 0, 50.00%, 0, 0, 3, 1887.43, 1479062, 25, 0, 0
797, 737, 5, 13, 0, 0, 50.00%, 0, 0, 3, 1769.11, 1487724, 25, 0, 0
802, 743, 1, 13, 0, 0, 50.00%, 0, 0, 3, 1859.01, 1497600, 25, 0, 0
807, 747, 7, 13, 0, 0, 50.00%, 0, 0, 3, 1876.31, 1507213, 25, 0, 0
812, 752, 5, 13, 0, 0, 50.00%, 0, 0, 3, 1781.38, 1516324, 25, 0, 0
817, 757, 5, 13, 0, 0, 50.00%, 0, 0, 3, 1760.74, 1525525, 25, 0, 0
822, 762, 9, 13, 0, 0, 50.00%, 0, 0, 3, 1796.89, 1534711, 25, 0, 0
828, 767, 9, 13, 0, 0, 50.00%, 0, 0, 3, 1836.70, 1544213, 25, 0, 0
833, 772, 4, 13, 0, 0, 50.00%, 0, 0, 3, 1827.37, 1553511, 25, 0, 0
838, 776, 10, 13, 0, 0, 50.00%, 0, 0, 3, 1753.25, 1562313, 25, 0, 0
843, 781, 1, 13, 0, 0, 50.00%, 0, 0, 3, 1875.85, 1572187, 25, 0, 0
848, 786, 5, 13, 0, 0, 50.00%, 0, 0, 3, 1847.20, 1581661, 25, 0, 0
853, 790, 7, 13, 0, 0, 50.00%, 0, 0, 3, 1869.70, 1591463, 25, 0, 0
858, 795, 1, 13, 0, 0, 50.00%, 0, 0, 3, 1912.99, 1601088, 25, 0, 0
863, 799, 10, 13, 0, 0, 50.00%, 0, 0, 3, 1562.16, 1608288, 25, 0, 0
868, 804, 9, 13, 0, 0, 50.00%, 0, 0, 3, 1714.08, 1617088, 25, 0, 0
873, 809, 5, 13, 0, 0, 50.00%, 0, 0, 3, 1807.36, 1626288, 25, 0, 0
879, 814, 9, 13, 0, 0, 50.00%, 0, 0, 3, 1780.91, 1635474, 25, 0, 0
884, 819, 9, 13, 0, 0, 50.00%, 0, 0, 3, 1814.06, 1644588, 25, 0, 0
889, 823, 5, 13, 0, 0, 50.00%, 0, 0, 3, 1797.51, 1653688, 25, 0, 0
894, 827, 5, 13, 0, 0, 50.00%, 0, 0, 3, 1833.59, 1663325, 25, 0, 0
899, 833, 5, 13, 0, 0, 50.00%, 0, 0, 3, 1889.82, 1673276, 25, 0, 0
904, 838, 5, 13, 0, 0, 50.00%, 0, 0, 3, 1902.16, 1683126, 25, 0, 0
910, 843, 5, 13, 0, 0, 50.00%, 0, 0, 3, 1882.33, 1692876, 25, 0, 0
915, 849, 5, 13, 0, 0, 50.00%, 0, 0, 3, 1899.25, 1702713, 25, 0, 0
920, 853, 5, 13, 0, 0, 50.00%, 0, 0, 3, 1900.29, 1712163, 25, 0, 0
925, 859, 9, 13, 0, 0, 50.00%, 0, 0, 3, 1916.13, 1721978, 25, 0, 0
930, 864, 5, 13, 0, 0, 50.00%, 0, 0, 3, 1870.23, 1731327, 25, 0, 0
935, 868, 12, 13, 0, 0, 50.00%, 0, 0, 3, 1880.17, 1741039, 25, 0, 0
940, 872, 9, 13, 0, 0, 50.00%, 0, 0, 3, 1877.83, 1750314, 25, 0, 0
945, 877, 1, 13, 0, 0, 50.00%, 0, 0, 3, 1895.95, 1760227, 25, 0, 0
950, 881, 9, 13, 0, 0, 50.00%, 0, 0, 3, 1871.70, 1769689, 25, 0, 0
955, 886, 9, 13, 0, 0, 50.00%, 0, 0, 3, 1878.08, 1779127, 25, 0, 0
961, 891, 9, 13, 0, 0, 50.00%, 0, 0, 3, 1896.20, 1788677, 25, 0, 0
966, 896, 9, 13, 0, 0, 50.00%, 0, 0, 3, 1840.94, 1798112, 25, 0, 0
971, 900, 1, 13, 0, 0, 50.00%, 0, 0, 3, 1830.91, 1807298, 25, 0, 0
976, 905, 1, 13, 0, 0, 50.00%, 0, 0, 3, 1888.54, 1817201, 25, 0, 0
981, 910, 5, 13, 0, 0, 50.00%, 0, 0, 3, 1882.86, 1826977, 25, 0, 0
986, 916, 5, 13, 0, 0, 50.00%, 0, 0, 3, 1906.22, 1836566, 25, 0, 0
991, 921, 7, 13, 0, 0, 50.00%, 0, 0, 3, 1894.99, 1846327, 25, 0, 0
996, 926, 1, 13, 0, 0, 50.00%, 0, 0, 3, 1922.41, 1855989, 25, 0, 0
1001, 929, 5, 13, 0, 0, 50.00%, 0, 0, 3, 1879.51, 1865114, 25, 0, 0
1007, 934, 7, 13, 0, 0, 50.00%, 0, 0, 3, 1884.88, 1874938, 25, 0, 0
1012, 939, 11, 13, 0, 0, 50.00%, 0, 0, 3, 1903.05, 1884764, 25, 0, 0
1017, 944, 9, 13, 0, 0, 50.00%, 0, 0, 3, 1893.27, 1894514, 25, 0, 0
1022, 949, 12, 13, 0, 0, 50.00%, 0, 0, 3, 1878.52, 1904264, 25, 0, 0
1027, 954, 5, 13, 0, 0, 50.00%, 0, 0, 3, 1850.09, 1913964, 25, 0, 0
1032, 958, 5, 13, 0, 0, 50.00%, 0, 0, 3, 1878.75, 1923327, 25, 0, 0
1037, 963, 11, 13, 0, 0, 50.00%, 0, 0, 3, 1862.50, 1932589, 25, 0, 0
1043, 968, 5, 13, 0, 0, 50.00%, 0, 0, 3, 1869.72, 1942189, 25, 0, 0
1048, 973, 11, 13, 0, 0, 50.00%, 0, 0, 3, 1869.64, 1951464, 25, 0, 0
1053, 978, 9, 13, 0, 0, 50.00%, 0, 0, 3, 1897.46, 1961314, 25, 0, 0
1058, 983, 1, 13, 0, 0, 50.00%, 0, 0, 3, 1771.43, 1970289, 25, 0, 0
1063, 988, 9, 13, 0, 0, 50.00%, 0, 0, 3, 1901.47, 1979914, 25, 0, 0
1068, 993, 5, 13, 0, 0, 50.00%, 0, 0, 3, 2000.90, 1990439, 25, 0, 0
1073, 999, 1, 13, 0, 0, 50.00%, 0, 0, 3, 2020.19, 2000880, 25, 0, 0
1078, 1004, 5, 13, 0, 0, 50.00%, 0, 0, 3, 2007.13, 2011239, 25, 0, 0
1084, 1009, 1, 13, 0, 0, 50.00%, 0, 0, 3, 1974.16, 2021339, 25, 0, 0
1089, 1013, 9, 13, 0, 0, 50.00%, 0, 0, 3, 1957.18, 2031579, 25, 0, 0
1094, 1018, 4, 13, 0, 0, 50.00%, 0, 0, 3, 1970.03, 2041970, 25, 0, 0
1099, 1023, 9, 13, 0, 0, 50.00%, 0, 0, 3, 1964.85, 2052229, 25, 0, 0
1104, 1028, 9, 13, 0, 0, 50.00%, 0, 0, 3, 1913.97, 2062139, 25, 0, 0
1109, 1033, 7, 13, 0, 0, 50.00%, 0, 0, 3, 1882.66, 2071488, 25, 0, 0
1115, 1038, 5, 13, 0, 0, 50.00%, 0, 0, 3, 1906.28, 2080990, 25, 0, 0
1120, 1043, 9, 13, 0, 0, 50.00%, 0, 0, 3, 1962.89, 2090889, 25, 0, 0
1125, 1048, 5, 13, 0, 0, 50.00%, 0, 0, 3, 2012.32, 2100970, 25, 0, 0
1130, 1053, 10, 13, 0, 0, 50.00%, 0, 0, 3, 1982.80, 2111340, 25, 0, 0
1135, 1058, 9, 13, 0, 0, 50.00%, 0, 0, 3, 2052.42, 2121722, 25, 0, 0
1140, 1062, 5, 13, 0, 0, 50.00%, 0, 0, 3, 1992.90, 2131618, 25, 0, 0
1145, 1067, 5, 13, 0, 0, 50.00%, 0, 0, 3, 2001.40, 2141629, 25, 0, 0
1150, 1071, 9, 13, 0, 0, 50.00%, 0, 0, 3, 1991.96, 2151679, 25, 0, 0
1155, 1076, 9, 13, 0, 0, 50.00%, 0, 0, 3, 2010.56, 2162170, 25, 0, 0
1160, 1082, 12, 13, 0, 0, 50.00%, 0, 0, 3, 1972.08, 2172289, 25, 0, 0
1165, 1086, 4, 13, 0, 0, 50.00%, 0, 0, 3, 1918.82, 2182028, 25, 0, 0
1171, 1091, 5, 13, 0, 0, 50.00%, 0, 0, 3, 1970.47, 2192339, 25, 0, 0
1176, 1097, 9, 13, 0, 0, 50.00%, 0, 0, 3, 1911.28, 2202028, 25, 0, 0
1181, 1102, 10, 13, 0, 0, 50.00%, 0, 0, 3, 1950.90, 2212014, 25, 0, 0
1186, 1107, 5, 13, 0, 0, 50.00%, 0, 0, 3, 1995.65, 2222389, 25, 0, 0
1191, 1112, 1, 13, 0, 0, 50.00%, 0, 0, 3, 1951.51, 2232539, 25, 0, 0
1196, 1117, 7, 13, 0, 0, 50.00%, 0, 0, 3, 1979.15, 2242418, 25, 0, 0
1201, 1122, 4, 13, 0, 0, 50.00%, 0, 0, 3, 1946.13, 2252268, 25, 0, 0
1206, 1128, 9, 13, 0, 0, 50.00%, 0, 0, 3, 2017.73, 2262870, 25, 0, 0
1211, 1133, 12, 13, 0, 0, 50.00%, 0, 0, 3, 2007.99, 2272889, 25, 0, 0
1217, 1138, 9, 13, 0, 0, 50.00%, 0, 0, 3, 1973.07, 2283079, 25, 0, 0
1222, 1143, 5, 13, 0, 0, 50.00%, 0, 0, 3, 2012.77, 2293580, 25, 0, 0
1227, 1148, 5, 13, 0, 0, 50.00%, 0, 0, 3, 1995.47, 2303418, 25, 0, 0
1232, 1152, 7, 13, 0, 0, 50.00%, 0, 0, 3, 2037.22, 2313660, 25, 0, 0
1237, 1158, 5, 13, 0, 0, 50.00%, 0, 0, 3, 1987.53, 2323739, 25, 0, 0
1242, 1162, 9, 13, 0, 0, 50.00%, 0, 0, 3, 1930.21, 2333316, 25, 0, 0
1247, 1168, 5, 13, 0, 0, 50.00%, 0, 0, 3, 1953.10, 2343529, 25, 0, 0
1252, 1172, 9, 13, 0, 0, 50.00%, 0, 0, 3, 1971.75, 2353429, 25, 0, 0
1257, 1177, 5, 13, 0, 0, 50.00%, 0, 0, 3, 1952.51, 2363668, 25, 0, 0
1262, 1182, 7, 13, 0, 0, 50.00%, 0, 0, 3, 1961.86, 2373357, 25, 0, 0
1268, 1186, 9, 13, 0, 0, 50.00%, 0, 0, 3, 1934.84, 2383528, 25, 0, 0
1273, 1191, 12, 13, 0, 0, 50.00%, 0, 0, 3, 2013.68, 2393664, 25, 0, 0
1278, 1197, 1, 13, 0, 0, 50.00%, 0, 0, 3, 2011.77, 2404160, 25, 0, 0
1283, 1202, 5, 13, 0, 0, 50.00%, 0, 0, 3, 1984.35, 2414179, 25, 0, 0
1288, 1207, 5, 13, 0, 0, 50.00%, 0, 0, 3, 1990.56, 2424079, 25, 0, 0
1293, 1212, 5, 13, 0, 0, 50.00%, 0, 0, 3, 1968.55, 2434079, 25, 0, 0
1298, 1217, 4, 13, 0, 0, 50.00%, 0, 0, 3, 1953.14, 2443978, 25, 0, 0
1303, 1222, 1, 13, 0, 0, 50.00%, 0, 0, 3, 2005.34, 2454480, 25, 0, 0
1308, 1228, 4, 13, 0, 0, 50.00%, 0, 0, 3, 1998.10, 2464918, 25, 0, 0
1314, 1234, 4, 13, 0, 0, 50.00%, 0, 0, 3, 2004.12, 2475270, 25, 0, 0
1319, 1238, 10, 13, 0, 0, 50.00%, 0, 0, 3, 2000.91, 2485239, 25, 0, 0
1324, 1243, 5, 13, 0, 0, 50.00%, 0, 0, 3, 1979.33, 2495039, 25, 0, 0
1329, 1248, 10, 13, 0, 0, 50.00%, 0, 0, 3, 1975.78, 2505039, 25, 0, 0
1334, 1252, 5, 13, 0, 0, 50.00%, 0, 0, 3, 1999.05, 2515018, 25, 0, 0
1339, 1257, 9, 13, 0, 0, 50.00%, 0, 0, 3, 2013.08, 2525430, 25, 0, 0
1344, 1263, 5, 13, 0, 0, 50.00%, 0, 0, 3, 2008.65, 2535820, 25, 0, 0
1349, 1268, 1, 13, 0, 0, 50.00%, 0, 0, 3, 1985.04, 2546018, 25, 0, 0
1354, 1273, 12, 13, 0, 0, 50.00%, 0, 0, 3, 2004.61, 2556314, 25, 0, 0
1359, 1278, 9, 13, 0, 0, 50.00%, 0, 0, 3, 1898.69, 2565727, 25, 0, 0
1365, 1282, 9, 13, 0, 0, 50.00%, 0, 0, 3, 1999.05, 2576270, 25, 0, 0
1370, 1287, 9, 13, 0, 0, 50.00%, 0, 0, 3, 1844.86, 2585627, 25, 0, 0
1375, 1292, 9, 13, 0, 0, 50.00%, 0, 0, 3, 1870.53, 2595389, 25, 0, 0
1380, 1297, 7, 13, 0, 0, 50.00%, 0, 0, 3, 1912.61, 2605304, 25, 0, 0
1385, 1302, 9, 13, 0, 0, 50.00%, 0, 0, 3, 1963.92, 2615679, 25, 0, 0
1390, 1307, 5, 13, 0, 0, 50.00%, 0, 0, 3, 1963.19, 2625468, 25, 0, 0
1395, 1312, 1, 13, 0, 0, 50.00%, 0, 0, 3, 1988.64, 2635779, 25, 0, 0
1400, 1317, 5, 13, 0, 0, 50.00%, 0, 0, 3, 1929.23, 2645818, 25, 0, 0
1405, 1322, 4, 13, 0, 0, 50.00%, 0, 0, 3, 1990.05, 2655918, 25, 0, 0
1411, 1326, 7, 13, 0, 0, 50.00%, 0, 0, 3, 1850.73, 2664912, 25, 0, 0
1416, 1330, 9, 13, 0, 0, 50.00%, 0, 0, 3, 1903.82, 2674214, 25, 0, 0
1421, 1335, 11, 13, 0, 0, 50.00%, 0, 0, 3, 1994.49, 2684189, 25, 0, 0
1426, 1340, 5, 13, 0, 0, 50.00%, 0, 0, 3, 2007.68, 2694520, 25, 0, 0
1431, 1345, 1, 13, 0, 0, 50.00%, 0, 0, 3, 1979.96, 2704439, 25, 0, 0
1436, 1350, 11, 13, 0, 0, 50.00%, 0, 0, 3, 2015.14, 2714939, 25, 0, 0
1441, 1355, 5, 13, 0, 0, 50.00%, 0, 0, 3, 1902.10, 2724514, 25, 0, 0
1446, 1360, 9, 13, 0, 0, 50.00%, 0, 0, 3, 1989.04, 2734729, 25, 0, 0
1451, 1364, 9, 13, 0, 0, 50.00%, 0, 0, 3, 1991.71, 2744629, 25, 0, 0
1456, 1369, 7, 13, 0, 0, 50.00%, 0, 0, 3, 1967.27, 2754668, 25, 0, 0
1461, 1374, 7, 13, 0, 0, 50.00%, 0, 0, 3, 1953.80, 2764528, 25, 0, 0
1466, 1379, 5, 13, 0, 0, 50.00%, 0, 0, 3, 1876.42, 2774014, 25, 0, 0
1472, 1384, 7, 13, 0, 0, 50.00%, 0, 0, 3, 1927.58, 2784128, 25, 0, 0
1477, 1389, 5, 13, 0, 0, 50.00%, 0, 0, 3, 1994.47, 2794389, 25, 0, 0
1482, 1394, 4, 13, 0, 0, 50.00%, 0, 0, 3, 2005.40, 2804780, 25, 0, 0
1487, 1399, 9, 13, 0, 0, 50.00%, 0, 0, 3, 1995.15, 2815220, 25, 0, 0
1492, 1404, 9, 13, 0, 0, 50.00%, 0, 0, 3, 2004.74, 2825570, 25, 0, 0
1498, 1409, 7, 13, 0, 0, 50.00%, 0, 0, 3, 1996.13, 2836030, 25, 0, 0
1503, 1414, 9, 13, 0, 0, 50.00%, 0, 0, 3, 2012.73, 2846439, 25, 0, 0
1508, 1419, 5, 13, 0, 0, 50.00%, 0, 0, 3, 1975.39, 2856579, 25, 0, 0
1513, 1425, 9, 13, 0, 0, 50.00%, 0, 0, 3, 2038.09, 2867170, 25, 0, 0
1518, 1431, 9, 13, 0, 0, 50.00%, 0, 0, 3, 1953.98, 2877339, 25, 0, 0
1523, 1435, 9, 13, 0, 0, 50.00%, 0, 0, 3, 1981.71, 2887739, 25, 0, 0
1528, 1440, 5, 13, 0, 0, 50.00%, 0, 0, 3, 1959.34, 2897618, 25, 0, 0
1533, 1445, 5, 13, 0, 0, 50.00%, 0, 0, 3, 1952.21, 2907428, 25, 0, 0
1539, 1449, 5, 13, 0, 0, 50.00%, 0, 0, 3, 1942.59, 2917666, 25, 0, 0
1544, 1455, 5, 13, 0, 0, 50.00%, 0, 0, 3, 2016.72, 2927930, 25, 0, 0
1549, 1460, 9, 13, 0, 0, 50.00%, 0, 0, 3, 2046.46, 2938530, 25, 0, 0
1554, 1465, 7, 13, 0, 0, 50.00%, 0, 0, 3, 2022.61, 2948560, 25, 0, 0
1559, 1470, 5, 13, 0, 0, 50.00%, 0, 0, 3, 1975.62, 2958718, 25, 0, 0
1564, 1476, 9, 13, 0, 0, 50.00%, 0, 0, 3, 2016.32, 2969220, 25, 0, 0
1569, 1481, 9, 13, 0, 0, 50.00%, 0, 0, 3, 1899.68, 2979266, 25, 0, 0
1575, 1486, 4, 13, 0, 0, 50.00%, 0, 0, 3, 2004.70, 2989729, 25, 0, 0
1580, 1491, 11, 13, 0, 0, 50.00%, 0, 0, 3, 2005.17, 2999789, 25, 0, 0
1585, 1497, 5, 13, 0, 0, 50.00%, 0, 0, 3, 1987.86, 3010068, 25, 0, 0
1590, 1503, 9, 13, 0, 0, 50.00%, 0, 0, 3, 2041.54, 3020670, 25, 0, 0
1595, 1507, 1, 13, 0, 0, 50.00%, 0, 0, 3, 1997.91, 3030829, 25, 0, 0
1600, 1513, 9, 13, 0, 0, 50.00%, 0, 0, 3, 1972.85, 3041018, 25, 0, 0
1606, 1518, 12, 13, 0, 0, 50.00%, 0, 0, 3, 1994.89, 3051014, 25, 0, 0
1611, 1522, 4, 13, 0, 0, 50.00%, 0, 0, 3, 1962.04, 3060718, 25, 0, 0
1616, 1527, 12, 13, 0, 0, 50.00%, 0, 0, 3, 1982.04, 3071089, 25, 0, 0
1621, 1532, 5, 13, 0, 0, 50.00%, 0, 0, 3, 1977.64, 3081468, 25, 0, 0
1626, 1537, 9, 13, 0, 0, 50.00%, 0, 0, 3, 1971.36, 3091489, 25, 0, 0
1631, 1542, 9, 13, 0, 0, 50.00%, 0, 0, 3, 1964.91, 3101179, 25, 0, 0
1636, 1547, 9, 13, 0, 0, 50.00%, 0, 0, 3, 1994.79, 3111168, 25, 0, 0
1641, 1552, 7, 13, 0, 0, 50.00%, 0, 0, 3, 1978.50, 3121107, 25, 0, 0
1646, 1556, 4, 13, 0, 0, 50.00%, 0, 0, 3, 1977.43, 3131018, 25, 0, 0
1651, 1561, 1, 13, 0, 0, 50.00%, 0, 0, 3, 2003.89, 3141057, 25, 0, 0
1656, 1567, 11, 13, 0, 0, 50.00%, 0, 0, 3, 1978.37, 3151214, 25, 0, 0
1661, 1571, 5, 13, 0, 0, 50.00%, 0, 0, 3, 1973.84, 3161029, 25, 0, 0
1666, 1577, 9, 13, 0, 0, 50.00%, 0, 0, 3, 2036.51, 3171270, 25, 0, 0
1672, 1582, 5, 13, 0, 0, 50.00%, 0, 0, 3, 2005.59, 3181739, 25, 0, 0
1677, 1588, 11, 13, 0, 0, 50.00%, 0, 0, 3, 2024.98, 3192239, 25, 0, 0
1682, 1593, 11, 13, 0, 0, 50.00%, 0, 0, 3, 1992.91, 3202189, 25, 0, 0
1687, 1597, 11, 13, 0, 0, 50.00%, 0, 0, 3, 1997.27, 3212464, 25, 0, 0
1692, 1602, 9, 13, 0, 0, 50.00%, 0, 0, 3, 1977.15, 3222639, 25, 0, 0
1697, 1607, 9, 13, 0, 0, 50.00%, 0, 0, 3, 2035.97, 3232930, 25, 0, 0
1702, 1613, 12, 13, 0, 0, 50.00%, 0, 0, 3, 2042.13, 3243489, 25, 0, 0
1708, 1618, 10, 13, 0, 0, 50.00%, 0, 0, 3, 2015.23, 3253764, 25, 0, 0
1713, 1624, 11, 13, 0, 0, 50.00%, 0, 0, 3, 2038.93, 3263914, 25, 0, 0
1718, 1629, 11, 13, 0, 0, 50.00%, 0, 0, 3, 1967.61, 3274114, 25, 0, 0
1723, 1634, 12, 13, 0, 0, 50.00%, 0, 0, 3, 2051.86, 3284864, 25, 0, 0
1728, 1639, 5, 13, 0, 0, 50.00%, 0, 0, 3, 2025.41, 3295339, 25, 0, 0
1733, 1645, 12, 13, 0, 0, 50.00%, 0, 0, 3, 2048.75, 3305639, 25, 0, 0
1738, 1650, 4, 13, 0, 0, 50.00%, 0, 0, 3, 1967.43, 3315929, 25, 0, 0
1744, 1655, 9, 13, 0, 0, 50.00%, 0, 0, 3, 2014.76, 3326340, 25, 0, 0
1749, 1660, 12, 13, 0, 0, 50.00%, 0, 0, 3, 2001.41, 3336289, 25, 0, 0
1754, 1666, 1, 13, 0, 0, 50.00%, 0, 0, 3, 2050.88, 3346970, 25, 0, 0
1759, 1671, 9, 13, 0, 0, 50.00%, 0, 0, 3, 2037.49, 3357520, 25, 0, 0
1764, 1676, 1, 13, 0, 0, 50.00%, 0, 0, 3, 2022.57, 3368070, 25, 0, 0
1769, 1682, 9, 13, 0, 0, 50.00%, 0, 0, 3, 2020.83, 3378180, 25, 0, 0
1774, 1687, 4, 13, 0, 0, 50.00%, 0, 0, 3, 2039.66, 3388720, 25, 0, 0
1779, 1693, 1, 13, 0, 0, 50.00%, 0, 0, 3, 2013.74, 3399110, 25, 0, 0
1785, 1698, 9, 13, 0, 0, 50.00%, 0, 0, 3, 1983.78, 3409568, 25, 0, 0
1790, 1702, 5, 13, 0, 0, 50.00%, 0, 0, 3, 1982.49, 3419590, 25, 0, 0
1795, 1708, 4, 13, 0, 0, 50.00%, 0, 0, 3, 1979.80, 3429868, 25, 0, 0
1800, 1712, 9, 13, 0, 0, 50.00%, 0, 0, 3, 1930.36, 3439789, 25, 0, 0
1805, 1717, 8, 13, 0, 0, 50.00%, 0, 0, 3, 1891.58, 3449478, 25, 0, 0
1810, 1722, 9, 13, 0, 0, 50.00%, 0, 0, 3, 1964.71, 3459429, 25, 0, 0
1815, 1727, 12, 13, 0, 0, 50.00%, 0, 0, 3, 2007.05, 3469464, 25, 0, 0
1820, 1733, 5, 13, 0, 0, 50.00%, 0, 0, 3, 2020.79, 3479970, 25, 0, 0
1825, 1739, 5, 13, 0, 0, 50.00%, 0, 0, 3, 2013.71, 3490330, 25, 0, 0
1830, 1744, 9, 13, 0, 0, 50.00%, 0, 0, 3, 1890.52, 3499914, 25, 0, 0
1836, 1748, 9, 13, 0, 0, 50.00%, 0, 0, 3, 1958.38, 3509918, 25, 0, 0
1841, 1753, 11, 13, 0, 0, 50.00%, 0, 0, 3, 1984.57, 3519790, 25, 0, 0
1846, 1759, 7, 13, 0, 0, 50.00%, 0, 0, 3, 2027.19, 3530370, 25, 0, 0
1851, 1764, 5, 13, 0, 0, 50.00%, 0, 0, 3, 2000.09, 3540818, 25, 0, 0
1856, 1769, 11, 13, 0, 0, 50.00%, 0, 0, 3, 2006.44, 3551239, 25, 0, 0
1861, 1774, 5, 13, 0, 0, 50.00%, 0, 0, 3, 2014.40, 3561280, 25, 0, 0
1866, 1779, 9, 13, 0, 0, 50.00%, 0, 0, 3, 1989.94, 3571329, 25, 0, 0
1871, 1785, 9, 13, 0, 0, 50.00%, 0, 0, 3, 2044.59, 3581870, 25, 0, 0
1876, 1790, 7, 13, 0, 0, 50.00%, 0, 0, 3, 2044.94, 3592120, 25, 0, 0
1882, 1795, 9, 13, 0, 0, 50.00%, 0, 0, 3, 2043.97, 3602720, 25, 0, 0
1887, 1800, 9, 13, 0, 0, 50.00%, 0, 0, 3, 2011.82, 3613080, 25, 0, 0
1892, 1805, 9, 13, 0, 0, 50.00%, 0, 0, 3, 2023.81, 3623380, 25, 0, 0
1897, 1809, 9, 13, 0, 0, 50.00%, 0, 0, 3, 1924.97, 3633328, 25, 0, 0
1902, 1815, 12, 13, 0, 0, 50.00%, 0, 0, 3, 1975.50, 3643589, 25, 0, 0
1907, 1820, 5, 13, 0, 0, 50.00%, 0, 0, 3, 1947.38, 3653768, 25, 0, 0
1913, 1826, 5, 13, 0, 0, 50.00%, 0, 0, 3, 2002.13, 3664130, 25, 0, 0
1918, 1831, 12, 13, 0, 0, 50.00%, 0, 0, 3, 1989.91, 3674439, 25, 0, 0
1923, 1836, 10, 13, 0, 0, 50.00%, 0, 0, 3, 2016.48, 3684639, 25, 0, 0
1928, 1841, 12, 13, 0, 0, 50.00%, 0, 0, 3, 1977.31, 3694664, 25, 0, 0
1933, 1845, 12, 13, 0, 0, 50.00%, 0, 0, 3, 2048.54, 3705014, 25, 0, 0
1938, 1850, 7, 13, 0, 0, 50.00%, 0, 0, 3, 2029.31, 3715160, 25, 0, 0
1943, 1856, 5, 13, 0, 0, 50.00%, 0, 0, 3, 2018.30, 3725730, 25, 0, 0
1948, 1860, 4, 13, 0, 0, 50.00%, 0, 0, 3, 2003.33, 3735870, 25, 0, 0
1953, 1865, 7, 13, 0, 0, 50.00%, 0, 0, 3, 2002.94, 3745929, 25, 0, 0
1958, 1871, 5, 13, 0, 0, 50.00%, 0, 0, 3, 1957.15, 3755929, 25, 0, 0
1963, 1876, 5, 13, 0, 0, 50.00%, 0, 0, 3, 2023.02, 3766590, 25, 0, 0
1968, 1882, 5, 13, 0, 0, 50.00%, 0, 0, 3, 2068.08, 3777073, 25, 0, 0
1974, 1887, 9, 13, 0, 0, 50.00%, 0, 0, 3, 2034.22, 3787590, 25, 0, 0
1979, 1892, 5, 13, 0, 0, 50.00%, 0, 0, 3, 2035.77, 3797771, 25, 0, 0
1984, 1897, 9, 13, 0, 0, 50.00%, 0, 0, 3, 2039.79, 3807921, 25, 0, 0
1989, 1902, 7, 13, 0, 0, 50.00%, 0, 0, 3, 2019.53, 3818161, 25, 0, 0
1994, 1908, 4, 13, 0, 0, 50.00%, 0, 0, 3, 2010.93, 3828531, 25, 0, 0
1999, 1914, 1, 13, 0, 0, 50.00%, 0, 0, 3, 2060.90, 3838873, 25, 0, 0
2004, 1919, 9, 13, 0, 0, 50.00%, 0, 0, 3, 2035.85, 3849190, 25, 0, 0
2009, 1924, 5, 13, 0, 0, 50.00%, 0, 0, 3, 2048.85, 3859431, 25, 0, 0
2014, 1931, 7, 13, 0, 0, 50.00%, 0, 0, 3, 2006.39, 3869831, 25, 0, 0
2019, 1936, 9, 13, 0, 0, 50.00%, 0, 0, 3, 2002.53, 3880021, 25, 0, 0
2024, 1942, 10, 13, 0, 0, 50.00%, 0, 0, 3, 2039.49, 3890390, 25, 0, 0
2029, 1946, 1, 13, 0, 0, 50.00%, 0, 0, 3, 2004.33, 3900819, 25, 0, 0
2034, 1951, 9, 13, 0, 0, 50.00%, 0, 0, 3, 1976.31, 3910819, 25, 0, 0
2040, 1957, 9, 13, 0, 0, 50.00%, 0, 0, 3, 1991.48, 3921140, 25, 0, 0
2045, 1963, 7, 13, 0, 0, 50.00%, 0, 0, 3, 2028.25, 3931271, 25, 0, 0
2050, 1967, 9, 13, 0, 0, 50.00%, 0, 0, 3, 1935.01, 3940890, 25, 0, 0
2055, 1972, 9, 13, 0, 0, 50.00%, 0, 0, 3, 2051.85, 3951631, 25, 0, 0
2060, 1978, 1, 13, 0, 0, 50.00%, 0, 0, 3, 2015.64, 3962031, 25, 0, 0
2065, 1982, 10, 13, 0, 0, 50.00%, 0, 0, 3, 2017.99, 3972490, 25, 0, 0
2070, 1987, 9, 13, 0, 0, 50.00%, 0, 0, 3, 1977.59, 3982290, 25, 0, 0
2075, 1992, 1, 13, 0, 0, 50.00%, 0, 0, 3, 2020.52, 3992711, 25, 0, 0
2081, 1998, 12, 13, 0, 0, 50.00%, 0, 0, 3, 2007.89, 4003015, 25, 0, 0
2086, 2004, 4, 13, 0, 0, 50.00%, 0, 0, 3, 2004.78, 4013181, 25, 0, 0
2091, 2009, 5, 13, 0, 0, 50.00%, 0, 0, 3, 2002.36, 4023219, 25, 0, 0
2096, 2015, 9, 13, 0, 0, 50.00%, 0, 0, 3, 2019.12, 4033831, 25, 0, 0
2101, 2019, 1, 13, 0, 0, 50.00%, 0, 0, 3, 2036.18, 4044361, 25, 0, 0
2106, 2024, 9, 13, 0, 0, 50.00%, 0, 0, 3, 2038.44, 4054790, 25, 0, 0
2111, 2029, 10, 13, 0, 0, 50.00%, 0, 0, 3, 2053.33, 4065340, 25, 0, 0
2117, 2034, 5, 13, 0, 0, 50.00%, 0, 0, 3, 2029.47, 4075790, 25, 0, 0
2122, 2039, 12, 13, 0, 0, 50.00%, 0, 0, 3, 2064.98, 4086365, 25, 0, 0
2127, 2044, 1, 13, 0, 0, 50.00%, 0, 0, 3, 2030.52, 4096881, 25, 0, 0
2132, 2049, 9, 13, 0, 0, 50.00%, 0, 0, 3, 2025.78, 4107321, 25, 0, 0
2137, 2055, 9, 13, 0, 0, 50.00%, 0, 0, 3, 2055.01, 4117640, 25, 0, 0
2142, 2060, 1, 13, 0, 0, 50.00%, 0, 0, 3, 2047.46, 4127781, 25, 0, 0
2147, 2065, 9, 13, 0, 0, 50.00%, 0, 0, 3, 2047.86, 4138423, 25, 0, 0
2152, 2070, 1, 13, 0, 0, 50.00%, 0, 0, 3, 2015.24, 4148561, 25, 0, 0
2157, 2075, 5, 13, 0, 0, 50.00%, 0, 0, 3, 1978.03, 4158590, 25, 0, 0
2163, 2080, 10, 13, 0, 0, 50.00%, 0, 0, 3, 2048.56, 4169315, 25, 0, 0
2168, 2086, 5, 13, 0, 0, 50.00%, 0, 0, 3, 1996.61, 4179769, 25, 0, 0
2173, 2091, 10, 13, 0, 0, 50.00%, 0, 0, 3, 2045.39, 4189990, 25, 0, 0
2178, 2097, 5, 13, 0, 0, 50.00%, 0, 0, 3, 2064.72, 4200323, 25, 0, 0
2183, 2103, 5, 13, 0, 0, 50.00%, 0, 0, 3, 2070.85, 4210682, 25, 0, 0
2188, 2108, 5, 13, 0, 0, 50.00%, 0, 0, 3, 2021.77, 4220721, 25, 0, 0
2193, 2113, 5, 13, 0, 0, 50.00%, 0, 0, 3, 2045.37, 4230881, 25, 0, 0
2198, 2117, 5, 13, 0, 0, 50.00%, 0, 0, 3, 1976.64, 4241280, 25, 0, 0
2203, 2122, 8, 13, 0, 0, 50.00%, 0, 0, 3, 1999.10, 4251430, 25, 0, 0
2209, 2127, 5, 13, 0, 0, 50.00%, 0, 0, 3, 1981.27, 4261790, 25, 0, 0
2214, 2133, 1, 13, 0, 0, 50.00%, 0, 0, 3, 1978.16, 4272258, 25, 0, 0
2219, 2139, 9, 13, 0, 0, 50.00%, 0, 0, 3, 1944.68, 4281317, 25, 0, 0
2224, 2144, 5, 13, 0, 0, 50.00%, 0, 0, 3, 1713.70, 4290125, 25, 0, 0
2229, 2148, 5, 13, 0, 0, 50.00%, 0, 0, 3, 1740.46, 4298840, 25, 0, 0
2234, 2154, 5, 13, 0, 0, 50.00%, 0, 0, 3, 1934.95, 4309029, 25, 0, 0
2239, 2159, 12, 13, 0, 0, 50.00%, 0, 0, 3, 1854.61, 4318490, 25, 0, 0
2244, 2163, 10, 13, 0, 0, 50.00%, 0, 0, 3, 1770.08, 4327265, 25, 0, 0
2249, 2168, 1, 13, 0, 0, 50.00%, 0, 0, 3, 1823.26, 4336427, 25, 0, 0
2254, 2172, 11, 13, 0, 0, 50.00%, 0, 0, 3, 1713.95, 4345165, 25, 0, 0
2259, 2177, 9, 13, 0, 0, 50.00%, 0, 0, 3, 1874.33, 4354740, 25, 0, 0
2264, 2182, 5, 13, 0, 0, 50.00%, 0, 0, 3, 1885.75, 4364790, 25, 0, 0
2270, 2188, 7, 13, 0, 0, 50.00%, 0, 0, 3, 1951.29, 4374955, 25, 0, 0
2275, 2192, 9, 13, 0, 0, 50.00%, 0, 0, 3, 1874.06, 4384240, 25, 0, 0
2280, 2198, 5, 13, 0, 0, 50.00%, 0, 0, 3, 1925.99, 4394440, 25, 0, 0
2285, 2202, 5, 13, 0, 0, 50.00%, 0, 0, 3, 1914.84, 4404019, 25, 0, 0
2290, 2207, 11, 13, 0, 0, 50.00%, 0, 0, 3, 1980.53, 4414215, 25, 0, 0
2295, 2212, 10, 13, 0, 0, 50.00%, 0, 0, 3, 1984.86, 4424540, 25, 0, 0
2300, 2218, 1, 13, 0, 0, 50.00%, 0, 0, 3, 2007.37, 4434621, 25, 0, 0
2305, 2223, 5, 13, 0, 0, 50.00%, 0, 0, 3, 1984.52, 4444740, 25, 0, 0
2310, 2228, 9, 13, 0, 0, 50.00%, 0, 0, 3, 1946.73, 4454229, 25, 0, 0
2316, 2233, 9, 13, 0, 0, 50.00%, 0, 0, 3, 1878.12, 4463665, 25, 0, 0
2321, 2239, 5, 13, 0, 0, 50.00%, 0, 0, 3, 1814.38, 4472840, 25, 0, 0
2326, 2244, 5, 13, 0, 0, 50.00%, 0, 0, 3, 1807.18, 4481977, 25, 0, 0
2331, 2249, 10, 13, 0, 0, 50.00%, 0, 0, 3, 1801.18, 4491565, 25, 0, 0
2336, 2253, 9, 13, 0, 0, 50.00%, 0, 0, 3, 1951.75, 4501929, 25, 0, 0
2341, 2259, 9, 13, 0, 0, 50.00%, 0, 0, 3, 1919.44, 4511680, 25, 0, 0
2346, 2264, 4, 13, 0, 0, 50.00%, 0, 0, 3, 1970.53, 4521880, 25, 0, 0
2351, 2268, 5, 13, 0, 0, 50.00%, 0, 0, 3, 1976.68, 4531869, 25, 0, 0
2357, 2273, 5, 13, 0, 0, 50.00%, 0, 0, 3, 1964.56, 4542030, 25, 0, 0
2362, 2279, 12, 13, 0, 0, 50.00%, 0, 0, 3, 1949.56, 4552215, 25, 0, 0
2367, 2284, 9, 13, 0, 0, 50.00%, 0, 0, 3, 2012.44, 4562631, 25, 0, 0
2372, 2289, 1, 13, 0, 0, 50.00%, 0, 0, 3, 1996.84, 4573111, 25, 0, 0
2377, 2294, 9, 13, 0, 0, 50.00%, 0, 0, 3, 1997.65, 4583521, 25, 0, 0
2382, 2299, 11, 13, 0, 0, 50.00%, 0, 0, 3, 1953.06, 4593540, 25, 0, 0
