# relative_time, cycles_done, cur_item, corpus_count, pending_total, pending_favs, map_size, saved_crashes, saved_hangs, max_depth, execs_per_sec, total_execs, edges_found, total_crashes, servers_count
61, 0, 9, 13, 3, 2, 35.21%, 0, 0, 3, 53.65, 3381, 25, 0, 0
66, 0, 9, 13, 3, 2, 35.21%, 0, 0, 3, 54.87, 3665, 25, 0, 0
71, 0, 9, 13, 3, 2, 35.21%, 0, 0, 3, 54.84, 3939, 25, 0, 0
76, 0, 9, 13, 3, 2, 35.21%, 0, 0, 3, 53.89, 4218, 25, 0, 0
81, 0, 9, 13, 3, 2, 35.21%, 0, 0, 3, 54.00, 4487, 25, 0, 0
86, 0, 9, 13, 3, 2, 35.21%, 0, 0, 3, 53.58, 4757, 25, 0, 0
91, 0, 9, 13, 3, 2, 35.21%, 0, 0, 3, 52.00, 5019, 25, 0, 0
96, 0, 9, 13, 3, 2, 35.21%, 0, 0, 3, 51.99, 5292, 25, 0, 0
101, 0, 9, 13, 3, 2, 35.21%, 0, 0, 3, 47.70, 5533, 25, 0, 0
106, 0, 9, 13, 3, 2, 35.21%, 0, 0, 3, 49.37, 5750, 25, 0, 0
112, 0, 9, 13, 3, 2, 35.21%, 0, 0, 3, 51.31, 6010, 25, 0, 0
117, 0, 9, 13, 3, 2, 35.21%, 0, 0, 3, 51.73, 6272, 25, 0, 0
122, 0, 9, 13, 3, 2, 35.21%, 0, 0, 3, 51.31, 6528, 25, 0, 0
127, 0, 9, 13, 3, 2, 35.21%, 0, 0, 3, 51.31, 6789, 25, 0, 0
132, 0, 1, 13, 1, 0, 35.21%, 0, 0, 3, 53.64, 7061, 25, 0, 0
137, 1, 4, 13, 1, 0, 35.21%, 0, 0, 3, 54.37, 7338, 25, 0, 0
142, 1, 3, 13, 1, 0, 35.21%, 0, 0, 3, 54.83, 7614, 25, 0, 0
147, 2, 11, 13, 0, 0, 35.21%, 0, 0, 3, 55.15, 7894, 25, 0, 0
152, 3, 7, 13, 0, 0, 35.21%, 0, 0, 3, 56.97, 8181, 25, 0, 0
157, 4, 11, 13, 0, 0, 35.21%, 0, 0, 3, 57.16, 8478, 25, 0, 0
162, 5, 7, 13, 0, 0, 35.21%, 0, 0, 3, 57.47, 8755, 25, 0, 0
167, 6, 4, 13, 0, 0, 35.21%, 0, 0, 3, 57.30, 9053, 25, 0, 0
172, 6, 11, 13, 0, 0, 35.21%, 0, 0, 3, 58.06, 9352, 25, 0, 0
177, 7, 7, 13, 0, 0, 35.21%, 0, 0, 3, 57.53, 9639, 25, 0, 0
183, 8, 9, 13, 0, 0, 35.21%, 0, 0, 3, 57.35, 9936, 25, 0, 0
188, 9, 4, 13, 0, 0, 35.21%, 0, 0, 3, 56.17, 10217, 25, 0, 0
193, 10, 1, 13, 0, 0, 35.21%, 0, 0, 3, 56.02, 10508, 25, 0, 0
198, 11, 12, 13, 0, 0, 35.21%, 0, 0, 3, 56.21, 10791, 25, 0, 0
203, 12, 12, 13, 0, 0, 35.21%, 0, 0, 3, 56.92, 11089, 25, 0, 0
208, 13, 10, 13, 0, 0, 35.21%, 0, 0, 3, 58.15, 11391, 25, 0, 0
213, 13, 10, 13, 0, 0, 35.21%, 0, 0, 3, 57.29, 11677, 25, 0, 0
219, 14, 8, 13, 0, 0, 35.21%, 0, 0, 3, 58.21, 11981, 25, 0, 0
224, 15, 11, 13, 0, 0, 35.21%, 0, 0, 3, 57.86, 12280, 25, 0, 0
229, 15, 8, 13, 0, 0, 35.21%, 0, 0, 3, 57.86, 12569, 25, 0, 0
234, 16, 9, 13, 0, 0, 35.21%, 0, 0, 3, 57.13, 12868, 25, 0, 0
239, 17, 1, 13, 0, 0, 35.21%, 0, 0, 3, 55.47, 13154, 25, 0, 0
244, 18, 7, 13, 0, 0, 35.21%, 0, 0, 3, 56.00, 13446, 25, 0, 0
249, 19, 11, 13, 0, 0, 35.21%, 0, 0, 3, 55.68, 13723, 25, 0, 0
254, 19, 11, 13, 0, 0, 35.21%, 0, 0, 3, 55.71, 14003, 25, 0, 0
260, 20, 1, 13, 0, 0, 35.21%, 0, 0, 3, 56.47, 14298, 25, 0, 0
265, 21, 8, 13, 0, 0, 35.21%, 0, 0, 3, 57.62, 14600, 25, 0, 0
270, 22, 1, 13, 0, 0, 35.21%, 0, 0, 3, 56.83, 14884, 25, 0, 0
275, 23, 11, 13, 0, 0, 35.21%, 0, 0, 3, 55.78, 15171, 25, 0, 0
280, 23, 7, 13, 0, 0, 35.21%, 0, 0, 3, 56.52, 15455, 25, 0, 0
285, 24, 11, 13, 0, 0, 35.21%, 0, 0, 3, 56.19, 15740, 25, 0, 0
290, 24, 1, 13, 0, 0, 35.21%, 0, 0, 3, 57.47, 16031, 25, 0, 0
295, 25, 1, 13, 0, 0, 35.21%, 0, 0, 3, 58.01, 16333, 25, 0, 0
300, 26, 10, 13, 0, 0, 35.21%, 0, 0, 3, 56.88, 16621, 25, 0, 0
305, 26, 4, 13, 0, 0, 35.21%, 0, 0, 3, 57.36, 16910, 25, 0, 0
310, 27, 11, 13, 0, 0, 35.21%, 0, 0, 3, 57.08, 17196, 25, 0, 0
315, 28, 11, 13, 0, 0, 35.21%, 0, 0, 3, 57.10, 17481, 25, 0, 0
321, 29, 9, 13, 0, 0, 35.21%, 0, 0, 3, 57.16, 17781, 25, 0, 0
326, 30, 8, 13, 0, 0, 35.21%, 0, 0, 3, 57.10, 18076, 25, 0, 0
331, 31, 7, 13, 0, 0, 35.21%, 0, 0, 3, 57.40, 18374, 25, 0, 0
336, 32, 12, 13, 0, 0, 35.21%, 0, 0, 3, 57.55, 18672, 25, 0, 0
341, 33, 12, 13, 0, 0, 35.21%, 0, 0, 3, 57.55, 18971, 25, 0, 0
347, 34, 4, 13, 0, 0, 35.21%, 0, 0, 3, 57.84, 19271, 25, 0, 0
352, 34, 12, 13, 0, 0, 35.21%, 0, 0, 3, 58.21, 19571, 25, 0, 0
357, 35, 7, 13, 0, 0, 35.21%, 0, 0, 3, 58.64, 19874, 25, 0, 0
362, 36, 4, 13, 0, 0, 35.21%, 0, 0, 3, 57.50, 20160, 25, 0, 0
367, 36, 12, 13, 0, 0, 35.21%, 0, 0, 3, 58.03, 20450, 25, 0, 0
372, 37, 8, 13, 0, 0, 35.21%, 0, 0, 3, 57.17, 20747, 25, 0, 0
377, 38, 4, 13, 0, 0, 35.21%, 0, 0, 3, 58.38, 21050, 25, 0, 0
383, 39, 1, 13, 0, 0, 35.21%, 0, 0, 3, 57.00, 21342, 25, 0, 0
388, 40, 9, 13, 0, 0, 35.21%, 0, 0, 3, 56.50, 21634, 25, 0, 0
393, 40, 1, 13, 0, 0, 35.21%, 0, 0, 3, 57.46, 21933, 25, 0, 0
398, 41, 12, 13, 0, 0, 35.21%, 0, 0, 3, 57.91, 22233, 25, 0, 0
403, 42, 4, 13, 0, 0, 35.21%, 0, 0, 3, 57.77, 22522, 25, 0, 0
408, 43, 12, 13, 0, 0, 35.21%, 0, 0, 3, 57.15, 22808, 25, 0, 0
413, 43, 10, 13, 0, 0, 35.21%, 0, 0, 3, 54.70, 23078, 25, 0, 0
418, 44, 4, 13, 0, 0, 35.21%, 0, 0, 3, 57.24, 23368, 25, 0, 0
423, 45, 4, 13, 0, 0, 35.21%, 0, 0, 3, 58.07, 23632, 25, 0, 0
428, 45, 4, 13, 0, 0, 35.21%, 0, 0, 3, 58.62, 23902, 25, 0, 0
433, 46, 7, 13, 0, 0, 35.21%, 0, 0, 3, 56.83, 24182, 25, 0, 0
438, 47, 7, 13, 0, 0, 35.21%, 0, 0, 3, 57.02, 24468, 25, 0, 0
443, 48, 4, 13, 0, 0, 35.21%, 0, 0, 3, 57.97, 24757, 25, 0, 0
449, 49, 12, 13, 0, 0, 35.21%, 0, 0, 3, 54.96, 25039, 25, 0, 0
454, 50, 9, 13, 0, 0, 35.21%, 0, 0, 3, 56.65, 25326, 25, 0, 0
459, 50, 8, 13, 0, 0, 35.21%, 0, 0, 3, 56.36, 25617, 25, 0, 0
464, 51, 4, 13, 0, 0, 35.21%, 0, 0, 3, 57.34, 25906, 25, 0, 0
469, 52, 9, 13, 0, 0, 35.21%, 0, 0, 3, 56.85, 26192, 25, 0, 0
474, 52, 1, 13, 0, 0, 35.21%, 0, 0, 3, 57.32, 26489, 25, 0, 0
479, 53, 1, 13, 0, 0, 35.21%, 0, 0, 3, 57.66, 26788, 25, 0, 0
484, 54, 7, 13, 0, 0, 35.21%, 0, 0, 3, 57.26, 27085, 25, 0, 0
489, 55, 11, 13, 0, 0, 35.21%, 0, 0, 3, 57.37, 27370, 25, 0, 0
495, 56, 12, 13, 0, 0, 35.21%, 0, 0, 3, 56.08, 27660, 25, 0, 0
500, 56, 8, 13, 0, 0, 35.21%, 0, 0, 3, 55.80, 27939, 25, 0, 0
505, 57, 11, 13, 0, 0, 35.21%, 0, 0, 3, 56.31, 28223, 25, 0, 0
510, 58, 9, 13, 0, 0, 35.21%, 0, 0, 3, 56.95, 28520, 25, 0, 0
515, 59, 8, 13, 0, 0, 35.21%, 0, 0, 3, 56.71, 28802, 25, 0, 0
520, 60, 9, 13, 0, 0, 35.21%, 0, 0, 3, 57.62, 29102, 25, 0, 0
525, 60, 12, 13, 0, 0, 35.21%, 0, 0, 3, 58.54, 29405, 25, 0, 0
530, 61, 11, 13, 0, 0, 35.21%, 0, 0, 3, 58.61, 29707, 25, 0, 0
535, 62, 4, 13, 0, 0, 35.21%, 0, 0, 3, 58.07, 30001, 25, 0, 0
541, 63, 7, 13, 0, 0, 35.21%, 0, 0, 3, 58.22, 30302, 25, 0, 0
546, 64, 7, 13, 0, 0, 35.21%, 0, 0, 3, 57.51, 30601, 25, 0, 0
551, 64, 8, 13, 0, 0, 35.21%, 0, 0, 3, 57.84, 30904, 25, 0, 0
556, 65, 7, 13, 0, 0, 35.21%, 0, 0, 3, 57.50, 31203, 25, 0, 0
561, 66, 11, 13, 0, 0, 35.21%, 0, 0, 3, 58.03, 31503, 25, 0, 0
567, 67, 12, 13, 0, 0, 35.21%, 0, 0, 3, 58.33, 31806, 25, 0, 0
572, 67, 7, 13, 0, 0, 35.21%, 0, 0, 3, 58.17, 32106, 25, 0, 0
577, 68, 7, 13, 0, 0, 35.21%, 0, 0, 3, 58.51, 32409, 25, 0, 0
582, 69, 12, 13, 0, 0, 35.21%, 0, 0, 3, 57.77, 32698, 25, 0, 0
587, 69, 8, 13, 0, 0, 35.21%, 0, 0, 3, 57.94, 33003, 25, 0, 0
592, 70, 12, 13, 0, 0, 35.21%, 0, 0, 3, 50.01, 33255, 25, 0, 0
597, 71, 11, 13, 0, 0, 35.21%, 0, 0, 3, 55.04, 33534, 25, 0, 0
603, 72, 1, 13, 0, 0, 35.21%, 0, 0, 3, 55.61, 33809, 25, 0, 0
608, 72, 10, 13, 0, 0, 35.21%, 0, 0, 3, 52.20, 34058, 25, 0, 0
613, 73, 4, 13, 0, 0, 35.21%, 0, 0, 3, 55.93, 34353, 25, 0, 0
618, 74, 10, 13, 0, 0, 35.21%, 0, 0, 3, 57.65, 34643, 25, 0, 0
623, 75, 8, 13, 0, 0, 35.21%, 0, 0, 3, 57.47, 34941, 25, 0, 0
628, 76, 1, 13, 0, 0, 35.21%, 0, 0, 3, 55.60, 35232, 25, 0, 0
633, 76, 8, 13, 0, 0, 35.21%, 0, 0, 3, 53.45, 35499, 25, 0, 0
639, 77, 8, 13, 0, 0, 35.21%, 0, 0, 3, 53.55, 35772, 25, 0, 0
644, 77, 10, 13, 0, 0, 35.21%, 0, 0, 3, 56.72, 36058, 25, 0, 0
649, 78, 7, 13, 0, 0, 35.21%, 0, 0, 3, 55.59, 36338, 25, 0, 0
654, 79, 12, 13, 0, 0, 35.21%, 0, 0, 3, 54.83, 36618, 25, 0, 0
659, 80, 1, 13, 0, 0, 35.21%, 0, 0, 3, 56.25, 36913, 25, 0, 0
664, 81, 9, 13, 0, 0, 35.21%, 0, 0, 3, 56.32, 37209, 25, 0, 0
669, 81, 11, 13, 0, 0, 35.21%, 0, 0, 3, 53.50, 37475, 25, 0, 0
674, 82, 11, 13, 0, 0, 35.21%, 0, 0, 3, 56.33, 37761, 25, 0, 0
679, 83, 10, 13, 0, 0, 35.21%, 0, 0, 3, 56.49, 38045, 25, 0, 0
684, 84, 7, 13, 0, 0, 35.21%, 0, 0, 3, 56.98, 38331, 25, 0, 0
689, 85, 9, 13, 0, 0, 35.21%, 0, 0, 3, 56.37, 38613, 25, 0, 0
695, 86, 8, 14, 1, 0, 36.62%, 0, 0, 3, 57.76, 38915, 26, 0, 0
700, 86, 13, 14, 1, 1, 36.62%, 0, 0, 3, 57.44, 39211, 26, 0, 0
705, 87, 4, 14, 0, 0, 36.62%, 0, 0, 3, 56.80, 39509, 26, 0, 0
710, 87, 1, 14, 0, 0, 36.62%, 0, 0, 3, 57.66, 39809, 26, 0, 0
715, 88, 7, 14, 0, 0, 36.62%, 0, 0, 3, 57.85, 40109, 26, 0, 0
720, 88, 13, 14, 0, 0, 36.62%, 0, 0, 3, 57.07, 40394, 26, 0, 0
726, 88, 13, 14, 0, 0, 36.62%, 0, 0, 3, 58.12, 40696, 26, 0, 0
731, 89, 13, 14, 0, 0, 36.62%, 0, 0, 3, 57.75, 40985, 26, 0, 0
736, 89, 13, 14, 0, 0, 36.62%, 0, 0, 3, 57.13, 41272, 26, 0, 0
741, 89, 13, 14, 0, 0, 36.62%, 0, 0, 3, 56.04, 41563, 26, 0, 0
746, 90, 13, 14, 0, 0, 36.62%, 0, 0, 3, 55.71, 41837, 26, 0, 0
751, 90, 13, 14, 0, 0, 36.62%, 0, 0, 3, 57.38, 42095, 26, 0, 0
756, 90, 13, 14, 0, 0, 36.62%, 0, 0, 3, 57.80, 42367, 26, 0, 0
761, 90, 13, 14, 0, 0, 36.62%, 0, 0, 3, 58.03, 42658, 26, 0, 0
766, 91, 13, 14, 0, 0, 36.62%, 0, 0, 3, 56.19, 42943, 26, 0, 0
771, 91, 13, 14, 0, 0, 36.62%, 0, 0, 3, 55.42, 43228, 26, 0, 0
777, 91, 13, 14, 0, 0, 36.62%, 0, 0, 3, 57.71, 43522, 26, 0, 0
782, 91, 13, 14, 0, 0, 36.62%, 0, 0, 3, 56.52, 43804, 26, 0, 0
787, 91, 13, 14, 0, 0, 36.62%, 0, 0, 3, 57.40, 44093, 26, 0, 0
792, 92, 10, 14, 0, 0, 36.62%, 0, 0, 3, 57.72, 44380, 26, 0, 0
797, 92, 13, 14, 0, 0, 36.62%, 0, 0, 3, 57.65, 44670, 26, 0, 0
802, 93, 13, 14, 0, 0, 36.62%, 0, 0, 3, 55.11, 44946, 26, 0, 0
807, 93, 9, 14, 0, 0, 36.62%, 0, 0, 3, 54.59, 45216, 26, 0, 0
812, 93, 13, 14, 0, 0, 36.62%, 0, 0, 3, 55.57, 45509, 26, 0, 0
817, 93, 13, 14, 0, 0, 36.62%, 0, 0, 3, 54.94, 45786, 26, 0, 0
822, 93, 13, 14, 0, 0, 36.62%, 0, 0, 3, 58.13, 46089, 26, 0, 0
827, 94, 7, 14, 0, 0, 36.62%, 0, 0, 3, 56.63, 46363, 26, 0, 0
832, 94, 11, 14, 0, 0, 36.62%, 0, 0, 3, 57.58, 46652, 26, 0, 0
837, 94, 12, 14, 0, 0, 36.62%, 0, 0, 3, 57.76, 46954, 26, 0, 0
843, 95, 13, 14, 0, 0, 36.62%, 0, 0, 3, 57.94, 47253, 26, 0, 0
848, 95, 13, 14, 0, 0, 36.62%, 0, 0, 3, 56.59, 47536, 26, 0, 0
853, 96, 13, 14, 0, 0, 36.62%, 0, 0, 3, 57.70, 47825, 26, 0, 0
858, 96, 13, 14, 0, 0, 36.62%, 0, 0, 3, 57.70, 48126, 26, 0, 0
863, 96, 13, 14, 0, 0, 36.62%, 0, 0, 3, 57.77, 48414, 26, 0, 0
868, 96, 13, 14, 0, 0, 36.62%, 0, 0, 3, 58.40, 48716, 26, 0, 0
873, 96, 1, 14, 0, 0, 36.62%, 0, 0, 3, 57.33, 49003, 26, 0, 0
878, 97, 13, 14, 0, 0, 36.62%, 0, 0, 3, 57.97, 49304, 26, 0, 0
884, 97, 13, 14, 0, 0, 36.62%, 0, 0, 3, 59.16, 49610, 26, 0, 0
889, 97, 13, 14, 0, 0, 36.62%, 0, 0, 3, 56.83, 49891, 26, 0, 0
894, 97, 13, 14, 0, 0, 36.62%, 0, 0, 3, 57.66, 50191, 26, 0, 0
899, 97, 13, 14, 0, 0, 36.62%, 0, 0, 3, 56.49, 50473, 26, 0, 0
904, 98, 13, 14, 0, 0, 36.62%, 0, 0, 3, 56.40, 50756, 26, 0, 0
909, 98, 13, 14, 0, 0, 36.62%, 0, 0, 3, 57.00, 51044, 26, 0, 0
914, 98, 13, 14, 0, 0, 36.62%, 0, 0, 3, 60.44, 51318, 26, 0, 0
919, 98, 13, 14, 0, 0, 36.62%, 0, 0, 3, 58.25, 51619, 26, 0, 0
924, 99, 13, 14, 0, 0, 36.62%, 0, 0, 3, 57.48, 51918, 26, 0, 0
930, 99, 9, 14, 0, 0, 36.62%, 0, 0, 3, 57.71, 52218, 26, 0, 0
935, 100, 13, 14, 0, 0, 36.62%, 0, 0, 3, 57.19, 52504, 26, 0, 0
940, 100, 13, 14, 0, 0, 36.62%, 0, 0, 3, 58.07, 52805, 26, 0, 0
945, 100, 13, 14, 0, 0, 36.62%, 0, 0, 3, 57.37, 53094, 26, 0, 0
950, 100, 13, 14, 0, 0, 36.62%, 0, 0, 3, 59.86, 53366, 26, 0, 0
955, 100, 13, 14, 0, 0, 36.62%, 0, 0, 3, 57.67, 53660, 26, 0, 0
960, 100, 1, 14, 0, 0, 36.62%, 0, 0, 3, 56.31, 53939, 26, 0, 0
965, 101, 13, 14, 0, 0, 36.62%, 0, 0, 3, 55.92, 54211, 26, 0, 0
970, 101, 13, 14, 0, 0, 36.62%, 0, 0, 3, 57.02, 54499, 26, 0, 0
975, 101, 13, 14, 0, 0, 36.62%, 0, 0, 3, 56.95, 54787, 26, 0, 0
980, 101, 13, 14, 0, 0, 36.62%, 0, 0, 3, 56.94, 55075, 26, 0, 0
986, 102, 7, 14, 0, 0, 36.62%, 0, 0, 3, 57.45, 55375, 26, 0, 0
991, 102, 13, 14, 0, 0, 36.62%, 0, 0, 3, 57.76, 55677, 26, 0, 0
996, 103, 13, 14, 0, 0, 36.62%, 0, 0, 3, 56.93, 55973, 26, 0, 0
1001, 103, 13, 14, 0, 0, 36.62%, 0, 0, 3, 57.64, 56273, 26, 0, 0
1006, 103, 11, 14, 0, 0, 36.62%, 0, 0, 3, 57.16, 56559, 26, 0, 0
1011, 104, 13, 14, 0, 0, 36.62%, 0, 0, 3, 56.83, 56846, 26, 0, 0
1016, 105, 1, 14, 0, 0, 36.62%, 0, 0, 3, 56.88, 57133, 26, 0, 0
1021, 105, 1, 14, 0, 0, 36.62%, 0, 0, 3, 57.88, 57424, 26, 0, 0
1027, 105, 4, 14, 0, 0, 36.62%, 0, 0, 3, 58.30, 57715, 26, 0, 0
1032, 105, 13, 14, 0, 0, 36.62%, 0, 0, 3, 57.89, 58006, 26, 0, 0
1037, 105, 11, 14, 0, 0, 36.62%, 0, 0, 3, 58.02, 58310, 26, 0, 0
1042, 106, 13, 14, 0, 0, 36.62%, 0, 0, 3, 57.44, 58598, 26, 0, 0
1047, 106, 13, 14, 0, 0, 36.62%, 0, 0, 3, 56.15, 58883, 26, 0, 0
1052, 106, 13, 14, 0, 0, 36.62%, 0, 0, 3, 56.86, 59146, 26, 0, 0
1057, 107, 13, 14, 0, 0, 36.62%, 0, 0, 3, 54.26, 59423, 26, 0, 0
1062, 107, 13, 14, 0, 0, 36.62%, 0, 0, 3, 56.79, 59710, 26, 0, 0
1067, 107, 13, 14, 0, 0, 36.62%, 0, 0, 3, 57.07, 60008, 26, 0, 0
1073, 108, 11, 14, 0, 0, 36.62%, 0, 0, 3, 56.31, 60299, 26, 0, 0
1078, 108, 13, 14, 0, 0, 36.62%, 0, 0, 3, 56.94, 60584, 26, 0, 0
1083, 108, 1, 14, 0, 0, 36.62%, 0, 0, 3, 56.58, 60870, 26, 0, 0
1088, 109, 12, 14, 0, 0, 36.62%, 0, 0, 3, 57.13, 61146, 26, 0, 0
1093, 109, 13, 14, 0, 0, 36.62%, 0, 0, 3, 56.39, 61440, 26, 0, 0
1098, 110, 13, 14, 0, 0, 36.62%, 0, 0, 3, 55.67, 61730, 26, 0, 0
1103, 110, 9, 14, 0, 0, 36.62%, 0, 0, 3, 52.08, 61999, 26, 0, 0
1108, 111, 7, 14, 0, 0, 36.62%, 0, 0, 3, 56.82, 62279, 26, 0, 0
1114, 111, 7, 14, 0, 0, 36.62%, 0, 0, 3, 56.54, 62563, 26, 0, 0
1119, 111, 13, 14, 0, 0, 36.62%, 0, 0, 3, 57.03, 62848, 26, 0, 0
1124, 111, 13, 14, 0, 0, 36.62%, 0, 0, 3, 57.02, 63144, 26, 0, 0
1129, 112, 13, 14, 0, 0, 36.62%, 0, 0, 3, 57.34, 63444, 26, 0, 0
1134, 112, 13, 14, 0, 0, 36.62%, 0, 0, 3, 56.96, 63732, 26, 0, 0
1139, 112, 10, 14, 0, 0, 36.62%, 0, 0, 3, 58.60, 64036, 26, 0, 0
1145, 112, 13, 14, 0, 0, 36.62%, 0, 0, 3, 58.14, 64337, 26, 0, 0
1150, 113, 13, 14, 0, 0, 36.62%, 0, 0, 3, 56.75, 64621, 26, 0, 0
1155, 113, 13, 14, 0, 0, 36.62%, 0, 0, 3, 56.70, 64895, 26, 0, 0
1160, 113, 13, 14, 0, 0, 36.62%, 0, 0, 3, 57.49, 65183, 26, 0, 0
1165, 113, 13, 14, 0, 0, 36.62%, 0, 0, 3, 57.94, 65484, 26, 0, 0
1170, 114, 7, 14, 0, 0, 36.62%, 0, 0, 3, 56.88, 65769, 26, 0, 0
1175, 114, 13, 14, 0, 0, 36.62%, 0, 0, 3, 56.50, 66052, 26, 0, 0
1180, 114, 13, 14, 0, 0, 36.62%, 0, 0, 3, 56.94, 66349, 26, 0, 0
1185, 114, 13, 14, 0, 0, 36.62%, 0, 0, 3, 57.04, 66645, 26, 0, 0
1191, 115, 13, 14, 0, 0, 36.62%, 0, 0, 3, 55.10, 66920, 26, 0, 0
1196, 115, 13, 14, 0, 0, 36.62%, 0, 0, 3, 9.71, 67193, 26, 0, 0
1201, 115, 13, 14, 0, 0, 36.62%, 0, 0, 3, 57.80, 67492, 26, 0, 0
1206, 115, 13, 14, 0, 0, 36.62%, 0, 0, 3, 56.49, 67776, 26, 0, 0
1211, 115, 13, 14, 0, 0, 36.62%, 0, 0, 3, 57.01, 68075, 26, 0, 0
1216, 116, 10, 14, 0, 0, 36.62%, 0, 0, 3, 56.88, 68373, 26, 0, 0
1221, 116, 13, 14, 0, 0, 36.62%, 0, 0, 3, 57.09, 68670, 26, 0, 0
1227, 116, 3, 14, 0, 0, 36.62%, 0, 0, 3, 56.84, 68966, 26, 0, 0
1232, 117, 13, 14, 0, 0, 36.62%, 0, 0, 3, 57.33, 69254, 26, 0, 0
1237, 117, 12, 14, 0, 0, 36.62%, 0, 0, 3, 56.42, 69535, 26, 0, 0
1242, 118, 13, 14, 0, 0, 36.62%, 0, 0, 3, 57.91, 69835, 26, 0, 0
1247, 118, 13, 14, 0, 0, 36.62%, 0, 0, 3, 58.96, 70142, 26, 0, 0
1252, 118, 13, 14, 0, 0, 36.62%, 0, 0, 3, 57.55, 70440, 26, 0, 0
1257, 118, 13, 14, 0, 0, 36.62%, 0, 0, 3, 57.47, 70730, 26, 0, 0
1262, 119, 13, 14, 0, 0, 36.62%, 0, 0, 3, 57.29, 71018, 26, 0, 0
1267, 119, 13, 14, 0, 0, 36.62%, 0, 0, 3, 54.88, 71266, 26, 0, 0
1272, 119, 1, 14, 0, 0, 36.62%, 0, 0, 3, 52.16, 71528, 26, 0, 0
1277, 120, 12, 14, 0, 0, 36.62%, 0, 0, 3, 55.73, 71812, 26, 0, 0
1283, 121, 1, 14, 0, 0, 36.62%, 0, 0, 3, 56.78, 72104, 26, 0, 0
1288, 121, 11, 14, 0, 0, 36.62%, 0, 0, 3, 57.46, 72384, 26, 0, 0
1293, 121, 13, 14, 0, 0, 36.62%, 0, 0, 3, 56.03, 72668, 26, 0, 0
1298, 122, 4, 14, 0, 0, 36.62%, 0, 0, 3, 51.98, 72924, 26, 0, 0
1303, 122, 13, 14, 0, 0, 36.62%, 0, 0, 3, 56.66, 73212, 26, 0, 0
1308, 122, 9, 14, 0, 0, 36.62%, 0, 0, 3, 55.73, 73491, 26, 0, 0
1313, 122, 13, 14, 0, 0, 36.62%, 0, 0, 3, 55.60, 73780, 26, 0, 0
1318, 123, 13, 14, 0, 0, 36.62%, 0, 0, 3, 54.79, 74048, 26, 0, 0
1323, 123, 13, 14, 0, 0, 36.62%, 0, 0, 3, 55.99, 74322, 26, 0, 0
1328, 123, 1, 14, 0, 0, 36.62%, 0, 0, 3, 56.45, 74607, 26, 0, 0
1334, 124, 10, 14, 0, 0, 36.62%, 0, 0, 3, 56.68, 74900, 26, 0, 0
1339, 125, 10, 14, 0, 0, 36.62%, 0, 0, 3, 57.23, 75198, 26, 0, 0
1344, 125, 1, 14, 0, 0, 36.62%, 0, 0, 3, 55.47, 75462, 26, 0, 0
1349, 125, 13, 14, 0, 0, 36.62%, 0, 0, 3, 57.18, 75751, 26, 0, 0
1354, 126, 12, 14, 0, 0, 36.62%, 0, 0, 3, 57.61, 76041, 26, 0, 0
1359, 126, 13, 14, 0, 0, 36.62%, 0, 0, 3, 56.87, 76325, 26, 0, 0
1364, 126, 13, 14, 0, 0, 36.62%, 0, 0, 3, 57.62, 76614, 26, 0, 0
1369, 126, 13, 14, 0, 0, 36.62%, 0, 0, 3, 53.76, 76886, 26, 0, 0
1374, 127, 11, 14, 0, 0, 36.62%, 0, 0, 3, 57.94, 77165, 26, 0, 0
1379, 127, 1, 14, 0, 0, 36.62%, 0, 0, 3, 58.18, 77466, 26, 0, 0
1384, 128, 13, 14, 0, 0, 36.62%, 0, 0, 3, 57.13, 77755, 26, 0, 0
1390, 128, 13, 14, 0, 0, 36.62%, 0, 0, 3, 58.25, 78049, 26, 0, 0
1395, 128, 10, 14, 0, 0, 36.62%, 0, 0, 3, 57.32, 78337, 26, 0, 0
1400, 129, 13, 14, 0, 0, 36.62%, 0, 0, 3, 57.85, 78639, 26, 0, 0
1405, 129, 13, 14, 0, 0, 36.62%, 0, 0, 3, 58.16, 78941, 26, 0, 0
1410, 129, 13, 14, 0, 0, 36.62%, 0, 0, 3, 58.74, 79245, 26, 0, 0
1415, 129, 4, 14, 0, 0, 36.62%, 0, 0, 3, 57.83, 79534, 26, 0, 0
1420, 130, 13, 14, 0, 0, 36.62%, 0, 0, 3, 57.77, 79832, 26, 0, 0
1425, 130, 7, 14, 0, 0, 36.62%, 0, 0, 3, 56.67, 80116, 26, 0, 0
1430, 130, 13, 14, 0, 0, 36.62%, 0, 0, 3, 61.10, 80394, 26, 0, 0
1435, 130, 13, 14, 0, 0, 36.62%, 0, 0, 3, 54.76, 80661, 26, 0, 0
1440, 130, 13, 14, 0, 0, 36.62%, 0, 0, 3, 57.10, 80949, 26, 0, 0
1446, 130, 13, 14, 0, 0, 36.62%, 0, 0, 3, 57.91, 81250, 26, 0, 0
1451, 131, 13, 14, 0, 0, 36.62%, 0, 0, 3, 57.19, 81535, 26, 0, 0
1456, 131, 13, 14, 0, 0, 36.62%, 0, 0, 3, 57.20, 81824, 26, 0, 0
1461, 131, 13, 14, 0, 0, 36.62%, 0, 0, 3, 56.38, 82118, 26, 0, 0
1466, 131, 13, 14, 0, 0, 36.62%, 0, 0, 3, 56.59, 82402, 26, 0, 0
1471, 131, 13, 14, 0, 0, 36.62%, 0, 0, 3, 55.53, 82662, 26, 0, 0
1476, 132, 13, 14, 0, 0, 36.62%, 0, 0, 3, 55.45, 82943, 26, 0, 0
1481, 132, 9, 14, 0, 0, 36.62%, 0, 0, 3, 55.33, 83224, 26, 0, 0
1486, 133, 4, 14, 0, 0, 36.62%, 0, 0, 3, 56.51, 83517, 26, 0, 0
1491, 133, 7, 14, 0, 0, 36.62%, 0, 0, 3, 55.01, 83799, 26, 0, 0
1497, 133, 12, 14, 0, 0, 36.62%, 0, 0, 3, 56.26, 84063, 26, 0, 0
1502, 133, 13, 14, 0, 0, 36.62%, 0, 0, 3, 53.27, 84323, 26, 0, 0
1507, 134, 13, 14, 0, 0, 36.62%, 0, 0, 3, 49.87, 84564, 26, 0, 0
1512, 134, 13, 14, 0, 0, 36.62%, 0, 0, 3, 57.01, 84832, 26, 0, 0
1517, 134, 13, 14, 0, 0, 36.62%, 0, 0, 3, 57.43, 85117, 26, 0, 0
1522, 134, 13, 14, 0, 0, 36.62%, 0, 0, 3, 56.79, 85403, 26, 0, 0
1527, 135, 7, 14, 0, 0, 36.62%, 0, 0, 3, 56.32, 85688, 26, 0, 0
1532, 135, 4, 14, 0, 0, 36.62%, 0, 0, 3, 56.50, 85981, 26, 0, 0
1537, 136, 13, 14, 0, 0, 36.62%, 0, 0, 3, 55.30, 86259, 26, 0, 0
1542, 136, 9, 14, 0, 0, 36.62%, 0, 0, 3, 56.25, 86541, 26, 0, 0
1547, 137, 13, 14, 0, 0, 36.62%, 0, 0, 3, 57.39, 86829, 26, 0, 0
1552, 137, 13, 14, 0, 0, 36.62%, 0, 0, 3, 56.62, 87112, 26, 0, 0
1557, 137, 13, 14, 0, 0, 36.62%, 0, 0, 3, 56.76, 87400, 26, 0, 0
1562, 137, 4, 14, 0, 0, 36.62%, 0, 0, 3, 56.94, 87688, 26, 0, 0
1567, 138, 13, 14, 0, 0, 36.62%, 0, 0, 3, 55.86, 87966, 26, 0, 0
1572, 138, 13, 14, 0, 0, 36.62%, 0, 0, 3, 53.77, 88232, 26, 0, 0
1577, 138, 12, 14, 0, 0, 36.62%, 0, 0, 3, 55.15, 88512, 26, 0, 0
1582, 139, 13, 14, 0, 0, 36.62%, 0, 0, 3, 54.60, 88786, 26, 0, 0
1587, 139, 13, 14, 0, 0, 36.62%, 0, 0, 3, 54.63, 89059, 26, 0, 0
1593, 139, 10, 14, 0, 0, 36.62%, 0, 0, 3, 55.87, 89349, 26, 0, 0
1598, 139, 13, 14, 0, 0, 36.62%, 0, 0, 3, 56.05, 89642, 26, 0, 0
1603, 140, 13, 14, 0, 0, 36.62%, 0, 0, 3, 54.63, 89917, 26, 0, 0
1608, 140, 7, 14, 0, 0, 36.62%, 0, 0, 3, 54.40, 90189, 26, 0, 0
1613, 140, 13, 14, 0, 0, 36.62%, 0, 0, 3, 52.94, 90467, 26, 0, 0
1618, 140, 13, 14, 0, 0, 36.62%, 0, 0, 3, 54.60, 90742, 26, 0, 0
1623, 140, 13, 14, 0, 0, 36.62%, 0, 0, 3, 56.07, 91023, 26, 0, 0
1628, 141, 7, 14, 0, 0, 36.62%, 0, 0, 3, 10.42, 91292, 26, 0, 0
1633, 141, 13, 14, 0, 0, 36.62%, 0, 0, 3, 54.88, 91577, 26, 0, 0
1638, 141, 4, 14, 0, 0, 36.62%, 0, 0, 3, 53.82, 91841, 26, 0, 0
1643, 141, 9, 14, 0, 0, 36.62%, 0, 0, 3, 54.82, 92119, 26, 0, 0
1649, 142, 13, 14, 0, 0, 36.62%, 0, 0, 3, 54.85, 92392, 26, 0, 0
1654, 142, 13, 14, 0, 0, 36.62%, 0, 0, 3, 62.94, 92657, 26, 0, 0
1659, 142, 13, 14, 0, 0, 36.62%, 0, 0, 3, 55.89, 92944, 26, 0, 0
1664, 142, 13, 14, 0, 0, 36.62%, 0, 0, 3, 56.83, 93197, 26, 0, 0
1669, 143, 13, 14, 0, 0, 36.62%, 0, 0, 3, 54.46, 93460, 26, 0, 0
1674, 143, 13, 14, 0, 0, 36.62%, 0, 0, 3, 54.45, 93730, 26, 0, 0
1679, 144, 13, 14, 0, 0, 36.62%, 0, 0, 3, 55.37, 94009, 26, 0, 0
1684, 144, 13, 14, 0, 0, 36.62%, 0, 0, 3, 53.72, 94278, 26, 0, 0
1689, 144, 4, 14, 0, 0, 36.62%, 0, 0, 3, 55.78, 94561, 26, 0, 0
1694, 145, 9, 14, 0, 0, 36.62%, 0, 0, 3, 53.98, 94833, 26, 0, 0
1699, 145, 9, 14, 0, 0, 36.62%, 0, 0, 3, 54.58, 95118, 26, 0, 0
1705, 145, 13, 14, 0, 0, 36.62%, 0, 0, 3, 56.50, 95409, 26, 0, 0
1710, 146, 7, 14, 0, 0, 36.62%, 0, 0, 3, 57.33, 95709, 26, 0, 0
1715, 146, 13, 14, 0, 0, 36.62%, 0, 0, 3, 57.92, 96006, 26, 0, 0
1720, 147, 10, 14, 0, 0, 36.62%, 0, 0, 3, 59.35, 96314, 26, 0, 0
1725, 147, 13, 14, 0, 0, 36.62%, 0, 0, 3, 57.91, 96607, 26, 0, 0
1730, 147, 13, 14, 0, 0, 36.62%, 0, 0, 3, 57.53, 96906, 26, 0, 0
1736, 147, 13, 14, 0, 0, 36.62%, 0, 0, 3, 57.51, 97205, 26, 0, 0
1741, 148, 13, 14, 0, 0, 36.62%, 0, 0, 3, 56.66, 97489, 26, 0, 0
1746, 148, 9, 14, 0, 0, 36.62%, 0, 0, 3, 56.07, 97772, 26, 0, 0
1751, 148, 10, 14, 0, 0, 36.62%, 0, 0, 3, 56.02, 98055, 26, 0, 0
1756, 149, 11, 14, 0, 0, 36.62%, 0, 0, 3, 54.70, 98329, 26, 0, 0
1761, 149, 13, 14, 0, 0, 36.62%, 0, 0, 3, 56.78, 98625, 26, 0, 0
1766, 149, 13, 14, 0, 0, 36.62%, 0, 0, 3, 54.51, 98892, 26, 0, 0
1771, 150, 13, 14, 0, 0, 36.62%, 0, 0, 3, 56.26, 99184, 26, 0, 0
1776, 150, 10, 14, 0, 0, 36.62%, 0, 0, 3, 55.34, 99459, 26, 0, 0
1781, 151, 13, 14, 0, 0, 36.62%, 0, 0, 3, 56.15, 99740, 26, 0, 0
1786, 151, 13, 14, 0, 0, 36.62%, 0, 0, 3, 57.21, 100029, 26, 0, 0
1791, 151, 13, 14, 0, 0, 36.62%, 0, 0, 3, 54.50, 100288, 26, 0, 0
1796, 151, 13, 14, 0, 0, 36.62%, 0, 0, 3, 55.08, 100561, 26, 0, 0
1801, 151, 13, 14, 0, 0, 36.62%, 0, 0, 3, 55.55, 100840, 26, 0, 0
1807, 152, 13, 14, 0, 0, 36.62%, 0, 0, 3, 57.07, 101136, 26, 0, 0
1812, 152, 13, 14, 0, 0, 36.62%, 0, 0, 3, 53.20, 101396, 26, 0, 0
1817, 152, 1, 14, 0, 0, 36.62%, 0, 0, 3, 55.35, 101665, 26, 0, 0
1822, 152, 13, 14, 0, 0, 36.62%, 0, 0, 3, 52.52, 101916, 26, 0, 0
1827, 152, 11, 14, 0, 0, 36.62%, 0, 0, 3, 54.33, 102202, 26, 0, 0
1832, 153, 7, 14, 0, 0, 36.62%, 0, 0, 3, 51.19, 102465, 26, 0, 0
1837, 153, 13, 14, 0, 0, 36.62%, 0, 0, 3, 54.03, 102729, 26, 0, 0
1842, 153, 7, 14, 0, 0, 36.62%, 0, 0, 3, 54.20, 102975, 26, 0, 0
1848, 153, 9, 14, 0, 0, 36.62%, 0, 0, 3, 54.20, 103249, 26, 0, 0
1853, 154, 7, 14, 0, 0, 36.62%, 0, 0, 3, 55.03, 103525, 26, 0, 0
1858, 154, 13, 14, 0, 0, 36.62%, 0, 0, 3, 56.60, 103813, 26, 0, 0
1863, 154, 13, 14, 0, 0, 36.62%, 0, 0, 3, 54.82, 104091, 26, 0, 0
1868, 154, 13, 14, 0, 0, 36.62%, 0, 0, 3, 54.49, 104368, 26, 0, 0
1873, 154, 11, 14, 0, 0, 36.62%, 0, 0, 3, 55.50, 104657, 26, 0, 0
1878, 154, 12, 14, 0, 0, 36.62%, 0, 0, 3, 56.25, 104941, 26, 0, 0
1883, 155, 13, 14, 0, 0, 36.62%, 0, 0, 3, 58.13, 105245, 26, 0, 0
1888, 155, 13, 14, 0, 0, 36.62%, 0, 0, 3, 57.28, 105542, 26, 0, 0
1894, 155, 13, 14, 0, 0, 36.62%, 0, 0, 3, 57.75, 105842, 26, 0, 0
1899, 155, 13, 14, 0, 0, 36.62%, 0, 0, 3, 57.82, 106145, 26, 0, 0
1904, 155, 4, 14, 0, 0, 36.62%, 0, 0, 3, 55.51, 106409, 26, 0, 0
1909, 156, 13, 14, 0, 0, 36.62%, 0, 0, 3, 53.79, 106682, 26, 0, 0
1914, 156, 10, 14, 0, 0, 36.62%, 0, 0, 3, 54.92, 106960, 26, 0, 0
1919, 156, 3, 14, 0, 0, 36.62%, 0, 0, 3, 56.13, 107245, 26, 0, 0
1924, 157, 13, 14, 0, 0, 36.62%, 0, 0, 3, 56.61, 107532, 26, 0, 0
1929, 157, 4, 14, 0, 0, 36.62%, 0, 0, 3, 55.36, 107816, 26, 0, 0
1934, 157, 13, 14, 0, 0, 36.62%, 0, 0, 3, 55.55, 108092, 26, 0, 0
1939, 158, 11, 14, 0, 0, 36.62%, 0, 0, 3, 55.49, 108365, 26, 0, 0
1945, 158, 13, 14, 0, 0, 36.62%, 0, 0, 3, 55.43, 108646, 26, 0, 0
1950, 158, 1, 14, 0, 0, 36.62%, 0, 0, 3, 56.14, 108920, 26, 0, 0
1955, 159, 13, 14, 0, 0, 36.62%, 0, 0, 3, 56.15, 109192, 26, 0, 0
1960, 159, 12, 14, 0, 0, 36.62%, 0, 0, 3, 52.03, 109450, 26, 0, 0
1965, 159, 13, 14, 0, 0, 36.62%, 0, 0, 3, 49.90, 109693, 26, 0, 0
1970, 159, 12, 14, 0, 0, 36.62%, 0, 0, 3, 53.95, 109971, 26, 0, 0
1975, 160, 13, 14, 0, 0, 36.62%, 0, 0, 3, 54.36, 110242, 26, 0, 0
1980, 160, 13, 14, 0, 0, 36.62%, 0, 0, 3, 51.57, 110481, 26, 0, 0
1985, 160, 13, 14, 0, 0, 36.62%, 0, 0, 3, 53.26, 110758, 26, 0, 0
1990, 161, 13, 14, 0, 0, 36.62%, 0, 0, 3, 55.09, 111045, 26, 0, 0
1996, 161, 13, 14, 0, 0, 36.62%, 0, 0, 3, 10.60, 111319, 26, 0, 0
2001, 161, 13, 14, 0, 0, 36.62%, 0, 0, 3, 54.29, 111600, 26, 0, 0
2006, 161, 13, 14, 0, 0, 36.62%, 0, 0, 3, 53.82, 111868, 26, 0, 0
2011, 161, 13, 14, 0, 0, 36.62%, 0, 0, 3, 54.85, 112130, 26, 0, 0
2016, 161, 13, 14, 0, 0, 36.62%, 0, 0, 3, 54.97, 112393, 26, 0, 0
2021, 161, 13, 14, 0, 0, 36.62%, 0, 0, 3, 53.71, 112659, 26, 0, 0
2026, 161, 13, 14, 0, 0, 36.62%, 0, 0, 3, 54.61, 112934, 26, 0, 0
2031, 162, 13, 14, 0, 0, 36.62%, 0, 0, 3, 53.70, 113202, 26, 0, 0
2036, 162, 13, 14, 0, 0, 36.62%, 0, 0, 3, 53.50, 113470, 26, 0, 0
2041, 162, 13, 14, 0, 0, 36.62%, 0, 0, 3, 50.91, 113730, 26, 0, 0
2046, 162, 13, 14, 0, 0, 36.62%, 0, 0, 3, 53.13, 113998, 26, 0, 0
2052, 162, 13, 14, 0, 0, 36.62%, 0, 0, 3, 53.29, 114275, 26, 0, 0
2057, 163, 12, 14, 0, 0, 36.62%, 0, 0, 3, 54.64, 114541, 26, 0, 0
2062, 163, 13, 14, 0, 0, 36.62%, 0, 0, 3, 56.00, 114822, 26, 0, 0
2067, 163, 9, 14, 0, 0, 36.62%, 0, 0, 3, 55.09, 115097, 26, 0, 0
2072, 164, 9, 14, 0, 0, 36.62%, 0, 0, 3, 56.38, 115390, 26, 0, 0
2077, 164, 13, 14, 0, 0, 36.62%, 0, 0, 3, 55.26, 115669, 26, 0, 0
2082, 164, 13, 14, 0, 0, 36.62%, 0, 0, 3, 57.63, 115947, 26, 0, 0
2087, 164, 13, 14, 0, 0, 36.62%, 0, 0, 3, 58.11, 116250, 26, 0, 0
2093, 165, 9, 14, 0, 0, 36.62%, 0, 0, 3, 55.86, 116530, 26, 0, 0
2098, 165, 13, 14, 0, 0, 36.62%, 0, 0, 3, 56.27, 116810, 26, 0, 0
2103, 165, 13, 14, 0, 0, 36.62%, 0, 0, 3, 9.76, 117087, 26, 0, 0
2108, 166, 12, 14, 0, 0, 36.62%, 0, 0, 3, 58.38, 117378, 26, 0, 0
2113, 166, 9, 14, 0, 0, 36.62%, 0, 0, 3, 57.17, 117652, 26, 0, 0
2118, 166, 7, 14, 0, 0, 36.62%, 0, 0, 3, 57.42, 117922, 26, 0, 0
2123, 166, 13, 14, 0, 0, 36.62%, 0, 0, 3, 57.71, 118210, 26, 0, 0
2128, 166, 13, 14, 0, 0, 36.62%, 0, 0, 3, 56.27, 118485, 26, 0, 0
2133, 166, 13, 14, 0, 0, 36.62%, 0, 0, 3, 55.46, 118755, 26, 0, 0
2138, 167, 12, 14, 0, 0, 36.62%, 0, 0, 3, 57.32, 119044, 26, 0, 0
2143, 168, 13, 14, 0, 0, 36.62%, 0, 0, 3, 57.94, 119327, 26, 0, 0
2148, 168, 13, 14, 0, 0, 36.62%, 0, 0, 3, 57.46, 119614, 26, 0, 0
2153, 168, 13, 14, 0, 0, 36.62%, 0, 0, 3, 58.78, 119920, 26, 0, 0
2158, 168, 13, 14, 0, 0, 36.62%, 0, 0, 3, 56.67, 120204, 26, 0, 0
2163, 169, 7, 14, 0, 0, 36.62%, 0, 0, 3, 54.79, 120473, 26, 0, 0
2168, 169, 1, 14, 0, 0, 36.62%, 0, 0, 3, 56.83, 120759, 26, 0, 0
2174, 169, 13, 14, 0, 0, 36.62%, 0, 0, 3, 55.03, 121039, 26, 0, 0
2179, 169, 13, 14, 0, 0, 36.62%, 0, 0, 3, 57.20, 121303, 26, 0, 0
2184, 170, 13, 14, 0, 0, 36.62%, 0, 0, 3, 57.84, 121593, 26, 0, 0
2189, 170, 13, 14, 0, 0, 36.62%, 0, 0, 3, 58.66, 121903, 26, 0, 0
2194, 170, 13, 14, 0, 0, 36.62%, 0, 0, 3, 54.60, 122168, 26, 0, 0
2199, 170, 13, 14, 0, 0, 36.62%, 0, 0, 3, 57.22, 122469, 26, 0, 0
2204, 171, 13, 14, 0, 0, 36.62%, 0, 0, 3, 57.75, 122760, 26, 0, 0
2209, 171, 12, 14, 0, 0, 36.62%, 0, 0, 3, 56.88, 123046, 26, 0, 0
2214, 171, 13, 14, 0, 0, 36.62%, 0, 0, 3, 59.06, 123336, 26, 0, 0
2219, 172, 7, 14, 0, 0, 36.62%, 0, 0, 3, 59.22, 123643, 26, 0, 0
2224, 172, 1, 14, 0, 0, 36.62%, 0, 0, 3, 58.77, 123937, 26, 0, 0
2230, 172, 4, 14, 0, 0, 36.62%, 0, 0, 3, 56.86, 124210, 26, 0, 0
2235, 173, 10, 14, 0, 0, 36.62%, 0, 0, 3, 58.48, 124515, 26, 0, 0
2240, 173, 4, 14, 0, 0, 36.62%, 0, 0, 3, 58.09, 124816, 26, 0, 0
2245, 174, 13, 14, 0, 0, 36.62%, 0, 0, 3, 57.74, 125115, 26, 0, 0
2250, 174, 13, 14, 0, 0, 36.62%, 0, 0, 3, 55.48, 125382, 26, 0, 0
2255, 174, 13, 14, 0, 0, 36.62%, 0, 0, 3, 58.17, 125683, 26, 0, 0
2261, 174, 13, 14, 0, 0, 36.62%, 0, 0, 3, 58.26, 125986, 26, 0, 0
2266, 175, 13, 14, 0, 0, 36.62%, 0, 0, 3, 58.55, 126292, 26, 0, 0
2271, 175, 13, 14, 0, 0, 36.62%, 0, 0, 3, 57.65, 126569, 26, 0, 0
2276, 176, 9, 14, 0, 0, 36.62%, 0, 0, 3, 55.89, 126831, 26, 0, 0
2281, 176, 13, 14, 0, 0, 36.62%, 0, 0, 3, 57.50, 127129, 26, 0, 0
2286, 176, 13, 14, 0, 0, 36.62%, 0, 0, 3, 57.79, 127428, 26, 0, 0
2291, 176, 13, 14, 0, 0, 36.62%, 0, 0, 3, 57.42, 127686, 26, 0, 0
2296, 176, 13, 14, 0, 0, 36.62%, 0, 0, 3, 56.36, 127966, 26, 0, 0
2301, 177, 13, 14, 0, 0, 36.62%, 0, 0, 3, 57.15, 128254, 26, 0, 0
2307, 177, 13, 14, 0, 0, 36.62%, 0, 0, 3, 57.67, 128554, 26, 0, 0
2312, 177, 13, 14, 0, 0, 36.62%, 0, 0, 3, 58.33, 128859, 26, 0, 0
2317, 177, 13, 14, 0, 0, 36.62%, 0, 0, 3, 57.94, 129159, 26, 0, 0
2322, 178, 4, 14, 0, 0, 36.62%, 0, 0, 3, 58.30, 129462, 26, 0, 0
2327, 178, 4, 14, 0, 0, 36.62%, 0, 0, 3, 57.81, 129763, 26, 0, 0
2332, 178, 13, 14, 0, 0, 36.62%, 0, 0, 3, 58.19, 130063, 26, 0, 0
2338, 178, 13, 14, 0, 0, 36.62%, 0, 0, 3, 57.81, 130364, 26, 0, 0
2343, 179, 9, 14, 0, 0, 36.62%, 0, 0, 3, 57.64, 130664, 26, 0, 0
2348, 179, 13, 14, 0, 0, 36.62%, 0, 0, 3, 58.23, 130967, 26, 0, 0
2353, 180, 13, 14, 0, 0, 36.62%, 0, 0, 3, 58.26, 131269, 26, 0, 0
2358, 180, 10, 14, 0, 0, 36.62%, 0, 0, 3, 58.51, 131573, 26, 0, 0
2363, 181, 13, 14, 0, 0, 36.62%, 0, 0, 3, 59.47, 131881, 26, 0, 0
2369, 181, 13, 14, 0, 0, 36.62%, 0, 0, 3, 57.51, 132179, 26, 0, 0
2374, 181, 13, 14, 0, 0, 36.62%, 0, 0, 3, 57.93, 132478, 26, 0, 0
2379, 181, 13, 14, 0, 0, 36.62%, 0, 0, 3, 59.38, 132784, 26, 0, 0
2384, 181, 13, 14, 0, 0, 36.62%, 0, 0, 3, 57.40, 133062, 26, 0, 0
2389, 181, 13, 14, 0, 0, 36.62%, 0, 0, 3, 55.07, 133330, 26, 0, 0
2394, 182, 13, 14, 0, 0, 36.62%, 0, 0, 3, 57.86, 133633, 26, 0, 0
2400, 182, 1, 14, 0, 0, 36.62%, 0, 0, 3, 57.78, 133934, 26, 0, 0
2405, 183, 13, 14, 0, 0, 36.62%, 0, 0, 3, 56.79, 134230, 26, 0, 0
2410, 183, 13, 14, 0, 0, 36.62%, 0, 0, 3, 58.38, 134524, 26, 0, 0
2415, 183, 13, 14, 0, 0, 36.62%, 0, 0, 3, 58.49, 134826, 26, 0, 0
2420, 184, 13, 14, 0, 0, 36.62%, 0, 0, 3, 58.61, 135129, 26, 0, 0
2425, 184, 7, 14, 0, 0, 36.62%, 0, 0, 3, 59.41, 135436, 26, 0, 0
2430, 184, 12, 14, 0, 0, 36.62%, 0, 0, 3, 59.04, 135743, 26, 0, 0
2436, 185, 13, 14, 0, 0, 36.62%, 0, 0, 3, 57.56, 136034, 26, 0, 0
2441, 185, 13, 14, 0, 0, 36.62%, 0, 0, 3, 58.62, 136327, 26, 0, 0
2446, 185, 13, 14, 0, 0, 36.62%, 0, 0, 3, 59.15, 136635, 26, 0, 0
2451, 186, 11, 14, 0, 0, 36.62%, 0, 0, 3, 57.74, 136923, 26, 0, 0
2456, 186, 9, 14, 0, 0, 36.62%, 0, 0, 3, 58.96, 137228, 26, 0, 0
2461, 186, 13, 14, 0, 0, 36.62%, 0, 0, 3, 57.82, 137527, 26, 0, 0
2466, 187, 13, 14, 0, 0, 36.62%, 0, 0, 3, 58.75, 137804, 26, 0, 0
2472, 187, 13, 14, 0, 0, 36.62%, 0, 0, 3, 58.29, 138103, 26, 0, 0
2477, 188, 1, 14, 0, 0, 36.62%, 0, 0, 3, 58.69, 138407, 26, 0, 0
2482, 188, 13, 14, 0, 0, 36.62%, 0, 0, 3, 58.84, 138711, 26, 0, 0
2487, 188, 1, 14, 0, 0, 36.62%, 0, 0, 3, 56.68, 138990, 26, 0, 0
2492, 189, 9, 14, 0, 0, 36.62%, 0, 0, 3, 57.65, 139269, 26, 0, 0
2497, 189, 13, 14, 0, 0, 36.62%, 0, 0, 3, 57.88, 139544, 26, 0, 0
2502, 189, 13, 14, 0, 0, 36.62%, 0, 0, 3, 60.06, 139857, 26, 0, 0
2507, 190, 7, 14, 0, 0, 36.62%, 0, 0, 3, 58.37, 140159, 26, 0, 0
2512, 190, 12, 14, 0, 0, 36.62%, 0, 0, 3, 57.10, 140436, 26, 0, 0
2518, 190, 13, 14, 0, 0, 36.62%, 0, 0, 3, 58.54, 140740, 26, 0, 0
2523, 191, 13, 14, 0, 0, 36.62%, 0, 0, 3, 57.04, 141027, 26, 0, 0
2528, 191, 1, 14, 0, 0, 36.62%, 0, 0, 3, 57.81, 141318, 26, 0, 0
2533, 191, 13, 14, 0, 0, 36.62%, 0, 0, 3, 57.19, 141600, 26, 0, 0
2538, 191, 13, 14, 0, 0, 36.62%, 0, 0, 3, 57.48, 141890, 26, 0, 0
2543, 191, 13, 14, 0, 0, 36.62%, 0, 0, 3, 56.95, 142184, 26, 0, 0
2548, 192, 13, 14, 0, 0, 36.62%, 0, 0, 3, 57.45, 142484, 26, 0, 0
2553, 192, 13, 14, 0, 0, 36.62%, 0, 0, 3, 57.11, 142779, 26, 0, 0
2558, 192, 13, 14, 0, 0, 36.62%, 0, 0, 3, 57.81, 143080, 26, 0, 0
2564, 192, 13, 14, 0, 0, 36.62%, 0, 0, 3, 55.82, 143364, 26, 0, 0
2569, 192, 13, 14, 0, 0, 36.62%, 0, 0, 3, 57.18, 143653, 26, 0, 0
2574, 192, 13, 14, 0, 0, 36.62%, 0, 0, 3, 55.33, 143933, 26, 0, 0
2579, 193, 7, 14, 0, 0, 36.62%, 0, 0, 3, 56.00, 144216, 26, 0, 0
2584, 193, 13, 14, 0, 0, 36.62%, 0, 0, 3, 56.47, 144502, 26, 0, 0
2589, 193, 13, 14, 0, 0, 36.62%, 0, 0, 3, 56.21, 144769, 26, 0, 0
2594, 193, 7, 14, 0, 0, 36.62%, 0, 0, 3, 56.00, 145058, 26, 0, 0
2599, 194, 13, 14, 0, 0, 36.62%, 0, 0, 3, 52.68, 145320, 26, 0, 0
2604, 194, 13, 14, 0, 0, 36.62%, 0, 0, 3, 55.00, 145597, 26, 0, 0
2609, 194, 13, 14, 0, 0, 36.62%, 0, 0, 3, 55.98, 145893, 26, 0, 0
2615, 195, 1, 14, 0, 0, 36.62%, 0, 0, 3, 57.18, 146181, 26, 0, 0
2620, 195, 1, 14, 0, 0, 36.62%, 0, 0, 3, 56.24, 146477, 26, 0, 0
2625, 195, 13, 14, 0, 0, 36.62%, 0, 0, 3, 58.47, 146783, 26, 0, 0
2630, 195, 13, 14, 0, 0, 36.62%, 0, 0, 3, 57.80, 147063, 26, 0, 0
2635, 196, 13, 14, 0, 0, 36.62%, 0, 0, 3, 58.21, 147364, 26, 0, 0
2640, 196, 13, 14, 0, 0, 36.62%, 0, 0, 3, 58.81, 147670, 26, 0, 0
2645, 196, 13, 14, 0, 0, 36.62%, 0, 0, 3, 57.88, 147959, 26, 0, 0
2650, 196, 13, 14, 0, 0, 36.62%, 0, 0, 3, 57.97, 148250, 26, 0, 0
2655, 196, 7, 14, 0, 0, 36.62%, 0, 0, 3, 57.13, 148536, 26, 0, 0
2660, 197, 7, 14, 0, 0, 36.62%, 0, 0, 3, 58.45, 148830, 26, 0, 0
2666, 197, 1, 14, 0, 0, 36.62%, 0, 0, 3, 58.08, 149133, 26, 0, 0
2671, 197, 13, 14, 0, 0, 36.62%, 0, 0, 3, 57.17, 149418, 26, 0, 0
2676, 197, 13, 14, 0, 0, 36.62%, 0, 0, 3, 56.68, 149700, 26, 0, 0
2681, 198, 13, 14, 0, 0, 36.62%, 0, 0, 3, 57.20, 149988, 26, 0, 0
2686, 198, 13, 14, 0, 0, 36.62%, 0, 0, 3, 57.72, 150290, 26, 0, 0
2691, 198, 13, 14, 0, 0, 36.62%, 0, 0, 3, 56.51, 150573, 26, 0, 0
2696, 199, 13, 14, 0, 0, 36.62%, 0, 0, 3, 55.45, 150852, 26, 0, 0
2701, 199, 7, 14, 0, 0, 36.62%, 0, 0, 3, 56.46, 151135, 26, 0, 0
2706, 199, 13, 14, 0, 0, 36.62%, 0, 0, 3, 56.28, 151410, 26, 0, 0
2711, 200, 13, 14, 0, 0, 36.62%, 0, 0, 3, 54.27, 151682, 26, 0, 0
2716, 200, 13, 14, 0, 0, 36.62%, 0, 0, 3, 56.47, 151970, 26, 0, 0
2722, 200, 13, 14, 0, 0, 36.62%, 0, 0, 3, 55.64, 152250, 26, 0, 0
2727, 200, 13, 14, 0, 0, 36.62%, 0, 0, 3, 57.01, 152538, 26, 0, 0
2732, 201, 7, 14, 0, 0, 36.62%, 0, 0, 3, 56.04, 152822, 26, 0, 0
2737, 201, 13, 14, 0, 0, 36.62%, 0, 0, 3, 54.56, 153087, 26, 0, 0
2742, 202, 13, 14, 0, 0, 36.62%, 0, 0, 3, 55.99, 153366, 26, 0, 0
2747, 202, 13, 14, 0, 0, 36.62%, 0, 0, 3, 54.82, 153642, 26, 0, 0
2752, 202, 13, 14, 0, 0, 36.62%, 0, 0, 3, 52.99, 153903, 26, 0, 0
2757, 202, 4, 14, 0, 0, 36.62%, 0, 0, 3, 54.38, 154178, 26, 0, 0
2762, 203, 13, 14, 0, 0, 36.62%, 0, 0, 3, 54.42, 154449, 26, 0, 0
2767, 204, 13, 14, 0, 0, 36.62%, 0, 0, 3, 55.12, 154720, 26, 0, 0
2772, 204, 13, 14, 0, 0, 36.62%, 0, 0, 3, 57.59, 155023, 26, 0, 0
2777, 204, 13, 14, 0, 0, 36.62%, 0, 0, 3, 54.93, 155288, 26, 0, 0
2782, 204, 13, 14, 0, 0, 36.62%, 0, 0, 3, 53.42, 155560, 26, 0, 0
2787, 204, 1, 14, 0, 0, 36.62%, 0, 0, 3, 54.53, 155836, 26, 0, 0
2793, 205, 13, 14, 0, 0, 36.62%, 0, 0, 3, 56.05, 156120, 26, 0, 0
2798, 205, 13, 14, 0, 0, 36.62%, 0, 0, 3, 55.87, 156392, 26, 0, 0
2803, 205, 9, 14, 0, 0, 36.62%, 0, 0, 3, 56.33, 156685, 26, 0, 0
2808, 206, 9, 14, 0, 0, 36.62%, 0, 0, 3, 57.35, 156983, 26, 0, 0
2813, 206, 1, 14, 0, 0, 36.62%, 0, 0, 3, 56.01, 157263, 26, 0, 0
2818, 206, 13, 14, 0, 0, 36.62%, 0, 0, 3, 57.18, 157544, 26, 0, 0
2823, 206, 13, 14, 0, 0, 36.62%, 0, 0, 3, 54.87, 157813, 26, 0, 0
2828, 207, 13, 14, 0, 0, 36.62%, 0, 0, 3, 57.49, 158105, 26, 0, 0
2833, 207, 4, 14, 0, 0, 36.62%, 0, 0, 3, 57.88, 158396, 26, 0, 0
2838, 207, 13, 14, 0, 0, 36.62%, 0, 0, 3, 57.94, 158694, 26, 0, 0
2843, 207, 13, 14, 0, 0, 36.62%, 0, 0, 3, 58.89, 158990, 26, 0, 0
2848, 208, 7, 14, 0, 0, 36.62%, 0, 0, 3, 55.15, 159270, 26, 0, 0
2854, 208, 13, 14, 0, 0, 36.62%, 0, 0, 3, 8.13, 159532, 26, 0, 0
2859, 209, 13, 14, 0, 0, 36.62%, 0, 0, 3, 56.48, 159813, 26, 0, 0
2864, 209, 13, 14, 0, 0, 36.62%, 0, 0, 3, 58.39, 160117, 26, 0, 0
2869, 209, 13, 14, 0, 0, 36.62%, 0, 0, 3, 57.74, 160391, 26, 0, 0
2874, 209, 13, 14, 0, 0, 36.62%, 0, 0, 3, 55.67, 160667, 26, 0, 0
2879, 209, 1, 14, 0, 0, 36.62%, 0, 0, 3, 55.22, 160944, 26, 0, 0
2884, 210, 9, 14, 0, 0, 36.62%, 0, 0, 3, 52.96, 161216, 26, 0, 0
2889, 210, 13, 14, 0, 0, 36.62%, 0, 0, 3, 54.73, 161501, 26, 0, 0
2894, 211, 13, 14, 0, 0, 36.62%, 1, 0, 3, 54.82, 161780, 26, 1, 0
2899, 211, 10, 14, 0, 0, 36.62%, 1, 0, 3, 54.39, 162054, 26, 1, 0
2904, 211, 9, 14, 0, 0, 36.62%, 1, 0, 3, 53.56, 162326, 26, 1, 0
2909, 212, 13, 14, 0, 0, 36.62%, 1, 0, 3, 56.83, 162624, 26, 1, 0
2914, 212, 13, 14, 0, 0, 36.62%, 1, 0, 3, 55.38, 162893, 26, 1, 0
2920, 212, 13, 14, 0, 0, 36.62%, 1, 0, 3, 55.53, 163177, 26, 1, 0
2925, 213, 13, 14, 0, 0, 36.62%, 1, 0, 3, 57.92, 163481, 26, 1, 0
2930, 213, 13, 14, 0, 0, 36.62%, 1, 0, 3, 58.06, 163762, 26, 1, 0
2935, 213, 13, 14, 0, 0, 36.62%, 1, 0, 3, 55.85, 164045, 26, 1, 0
2940, 214, 13, 14, 0, 0, 36.62%, 1, 0, 3, 58.33, 164347, 26, 1, 0
2945, 214, 10, 14, 0, 0, 36.62%, 1, 0, 3, 56.36, 164632, 26, 1, 0
2950, 214, 13, 14, 0, 0, 36.62%, 1, 0, 3, 56.46, 164918, 26, 1, 0
2955, 214, 13, 14, 0, 0, 36.62%, 1, 0, 3, 56.52, 165200, 26, 1, 0
2960, 215, 13, 14, 0, 0, 36.62%, 1, 0, 3, 55.89, 165487, 26, 1, 0
2966, 215, 10, 14, 0, 0, 36.62%, 1, 0, 3, 57.26, 165787, 26, 1, 0
2971, 216, 13, 14, 0, 0, 36.62%, 1, 0, 3, 57.45, 166082, 26, 1, 0
2976, 216, 13, 14, 0, 0, 36.62%, 1, 0, 3, 57.26, 166363, 26, 1, 0
2981, 216, 13, 14, 0, 0, 36.62%, 1, 0, 3, 58.49, 166663, 26, 1, 0
2986, 216, 13, 14, 0, 0, 36.62%, 1, 0, 3, 59.35, 166970, 26, 1, 0
2991, 217, 9, 14, 0, 0, 36.62%, 1, 0, 3, 56.30, 167260, 26, 1, 0
2996, 217, 3, 14, 0, 0, 36.62%, 1, 0, 3, 56.85, 167537, 26, 1, 0
3001, 217, 13, 14, 0, 0, 36.62%, 1, 0, 3, 56.29, 167817, 26, 1, 0
3007, 217, 13, 14, 0, 0, 36.62%, 1, 0, 3, 57.75, 168118, 26, 1, 0
3012, 217, 13, 14, 0, 0, 36.62%, 1, 0, 3, 56.73, 168404, 26, 1, 0
3017, 217, 13, 14, 0, 0, 36.62%, 1, 0, 3, 58.00, 168695, 26, 1, 0
3022, 218, 13, 14, 0, 0, 36.62%, 1, 0, 3, 58.53, 168998, 26, 1, 0
3027, 218, 9, 14, 0, 0, 36.62%, 1, 0, 3, 56.74, 169283, 26, 1, 0
3032, 218, 13, 14, 0, 0, 36.62%, 1, 0, 3, 55.34, 169565, 26, 1, 0
3037, 218, 13, 14, 0, 0, 36.62%, 1, 0, 3, 53.95, 169831, 26, 1, 0
3042, 219, 13, 14, 0, 0, 36.62%, 1, 0, 3, 54.97, 170110, 26, 1, 0
3047, 219, 13, 14, 0, 0, 36.62%, 1, 0, 3, 56.56, 170402, 26, 1, 0
3052, 219, 13, 14, 0, 0, 36.62%, 1, 0, 3, 56.55, 170690, 26, 1, 0
3057, 219, 13, 14, 0, 0, 36.62%, 1, 0, 3, 57.79, 170965, 26, 1, 0
3063, 220, 13, 14, 0, 0, 36.62%, 1, 0, 3, 55.59, 171251, 26, 1, 0
3068, 221, 13, 14, 0, 0, 36.62%, 1, 0, 3, 52.41, 171514, 26, 1, 0
3073, 221, 13, 14, 0, 0, 36.62%, 1, 0, 3, 54.42, 171787, 26, 1, 0
3078, 221, 1, 14, 0, 0, 36.62%, 1, 0, 3, 59.04, 172058, 26, 1, 0
3083, 221, 7, 14, 0, 0, 36.62%, 1, 0, 3, 57.06, 172353, 26, 1, 0
3088, 222, 13, 14, 0, 0, 36.62%, 1, 0, 3, 57.82, 172652, 26, 1, 0
3093, 222, 12, 14, 0, 0, 36.62%, 1, 0, 3, 55.72, 172936, 26, 1, 0
3098, 222, 13, 14, 0, 0, 36.62%, 1, 0, 3, 56.65, 173219, 26, 1, 0
3104, 223, 1, 14, 0, 0, 36.62%, 1, 0, 3, 58.64, 173525, 26, 1, 0
3109, 223, 13, 14, 0, 0, 36.62%, 1, 0, 3, 57.87, 173826, 26, 1, 0
3114, 223, 13, 14, 0, 0, 36.62%, 1, 0, 3, 57.54, 174116, 26, 1, 0
3119, 223, 13, 14, 0, 0, 36.62%, 1, 0, 3, 55.05, 174373, 26, 1, 0
3124, 223, 13, 14, 0, 0, 36.62%, 1, 0, 3, 56.29, 174658, 26, 1, 0
3129, 224, 13, 14, 0, 0, 36.62%, 1, 0, 3, 57.29, 174956, 26, 1, 0
3134, 224, 13, 14, 0, 0, 36.62%, 1, 0, 3, 57.00, 175241, 26, 1, 0
3139, 224, 13, 14, 0, 0, 36.62%, 1, 0, 3, 57.13, 175531, 26, 1, 0
3144, 225, 13, 14, 0, 0, 36.62%, 1, 0, 3, 55.82, 175810, 26, 1, 0
3149, 225, 7, 14, 0, 0, 36.62%, 1, 0, 3, 54.59, 176084, 26, 1, 0
3154, 225, 13, 14, 0, 0, 36.62%, 1, 0, 3, 53.97, 176359, 26, 1, 0
3160, 226, 10, 14, 0, 0, 36.62%, 1, 0, 3, 55.37, 176641, 26, 1, 0
3165, 226, 13, 14, 0, 0, 36.62%, 1, 0, 3, 56.38, 176921, 26, 1, 0
3170, 226, 13, 14, 0, 0, 36.62%, 1, 0, 3, 56.91, 177210, 26, 1, 0
3175, 226, 13, 14, 0, 0, 36.62%, 1, 0, 3, 57.11, 177495, 26, 1, 0
3180, 227, 13, 14, 0, 0, 36.62%, 1, 0, 3, 55.99, 177785, 26, 1, 0
3185, 227, 13, 14, 0, 0, 36.62%, 1, 0, 3, 55.09, 178064, 26, 1, 0
3190, 227, 13, 14, 0, 0, 36.62%, 1, 0, 3, 54.84, 178340, 26, 1, 0
3195, 227, 13, 14, 0, 0, 36.62%, 1, 0, 3, 55.68, 178621, 26, 1, 0
3200, 227, 13, 14, 0, 0, 36.62%, 1, 0, 3, 55.88, 178904, 26, 1, 0
3205, 227, 13, 14, 0, 0, 36.62%, 1, 0, 3, 54.93, 179178, 26, 1, 0
3210, 228, 13, 14, 0, 0, 36.62%, 1, 0, 3, 55.45, 179451, 26, 1, 0
3215, 228, 13, 14, 0, 0, 36.62%, 1, 0, 3, 56.54, 179732, 26, 1, 0
3220, 228, 13, 14, 0, 0, 36.62%, 1, 0, 3, 53.75, 180007, 26, 1, 0
3225, 228, 13, 14, 0, 0, 36.62%, 1, 0, 3, 55.17, 180286, 26, 1, 0
3230, 229, 13, 14, 0, 0, 36.62%, 1, 0, 3, 55.25, 180563, 26, 1, 0
3236, 229, 13, 14, 0, 0, 36.62%, 1, 0, 3, 55.71, 180840, 26, 1, 0
3241, 229, 13, 14, 0, 0, 36.62%, 1, 0, 3, 55.31, 181111, 26, 1, 0
3246, 230, 3, 14, 0, 0, 36.62%, 1, 0, 3, 56.21, 181399, 26, 1, 0
3251, 230, 13, 14, 0, 0, 36.62%, 1, 0, 3, 55.43, 181666, 26, 1, 0
3256, 230, 13, 14, 0, 0, 36.62%, 1, 0, 3, 55.71, 181956, 26, 1, 0
3261, 230, 12, 14, 0, 0, 36.62%, 1, 0, 3, 54.90, 182230, 26, 1, 0
3266, 231, 13, 14, 0, 0, 36.62%, 1, 0, 3, 55.83, 182510, 26, 1, 0
3271, 231, 13, 14, 0, 0, 36.62%, 1, 0, 3, 55.44, 182798, 26, 1, 0
3277, 231, 13, 14, 0, 0, 36.62%, 1, 0, 3, 56.14, 183091, 26, 1, 0
3282, 231, 13, 14, 0, 0, 36.62%, 1, 0, 3, 55.33, 183368, 26, 1, 0
3287, 232, 1, 14, 0, 0, 36.62%, 1, 0, 3, 54.28, 183636, 26, 1, 0
3292, 232, 13, 14, 0, 0, 36.62%, 1, 0, 3, 52.77, 183906, 26, 1, 0
3297, 232, 7, 14, 0, 0, 36.62%, 1, 0, 3, 54.99, 184186, 26, 1, 0
3302, 233, 13, 14, 0, 0, 36.62%, 1, 0, 3, 54.96, 184464, 26, 1, 0
3307, 233, 1, 14, 0, 0, 36.62%, 1, 0, 3, 54.35, 184735, 26, 1, 0
3312, 233, 13, 14, 0, 0, 36.62%, 1, 0, 3, 51.86, 184998, 26, 1, 0
3317, 234, 13, 14, 0, 0, 36.62%, 1, 0, 3, 52.90, 185263, 26, 1, 0
3322, 234, 13, 14, 0, 0, 36.62%, 1, 0, 3, 53.57, 185542, 26, 1, 0
3328, 234, 13, 14, 0, 0, 36.62%, 1, 0, 3, 52.74, 185814, 26, 1, 0
3333, 234, 13, 14, 0, 0, 36.62%, 1, 0, 3, 54.08, 186094, 26, 1, 0
3338, 235, 1, 14, 0, 0, 36.62%, 1, 0, 3, 2.22, 186357, 26, 1, 0
3343, 235, 13, 14, 0, 0, 36.62%, 1, 0, 3, 56.05, 186642, 26, 1, 0
3348, 235, 13, 14, 0, 0, 36.62%, 1, 0, 3, 55.59, 186918, 26, 1, 0
3353, 235, 13, 14, 0, 0, 36.62%, 1, 0, 3, 54.30, 187187, 26, 1, 0
3358, 236, 7, 14, 0, 0, 36.62%, 1, 0, 3, 53.70, 187465, 26, 1, 0
3364, 236, 13, 14, 0, 0, 36.62%, 1, 0, 3, 53.14, 187730, 26, 1, 0
3369, 236, 9, 14, 0, 0, 36.62%, 1, 0, 3, 49.07, 187977, 26, 1, 0
3374, 236, 13, 14, 0, 0, 36.62%, 1, 0, 3, 48.67, 188224, 26, 1, 0
3379, 236, 13, 14, 0, 0, 36.62%, 1, 0, 3, 50.66, 188481, 26, 1, 0
3384, 237, 9, 14, 0, 0, 36.62%, 1, 0, 3, 50.73, 188738, 26, 1, 0
3389, 237, 13, 14, 0, 0, 36.62%, 1, 0, 3, 51.59, 188993, 26, 1, 0
3394, 237, 13, 14, 0, 0, 36.62%, 1, 0, 3, 53.37, 189271, 26, 1, 0
3399, 237, 13, 14, 0, 0, 36.62%, 1, 0, 3, 9.21, 189513, 26, 1, 0
3405, 237, 13, 14, 0, 0, 36.62%, 1, 0, 3, 52.00, 189748, 26, 1, 0
3410, 238, 1, 14, 0, 0, 36.62%, 1, 0, 3, 52.63, 190018, 26, 1, 0
3415, 238, 4, 14, 0, 0, 36.62%, 1, 0, 3, 54.01, 190293, 26, 1, 0
3420, 239, 13, 14, 0, 0, 36.62%, 1, 0, 3, 55.20, 190560, 26, 1, 0
3425, 239, 13, 14, 0, 0, 36.62%, 1, 0, 3, 55.68, 190841, 26, 1, 0
3430, 239, 10, 14, 0, 0, 36.62%, 1, 0, 3, 53.11, 191100, 26, 1, 0
3435, 239, 4, 14, 0, 0, 36.62%, 1, 0, 3, 54.39, 191369, 26, 1, 0
3440, 240, 13, 14, 0, 0, 36.62%, 1, 0, 3, 55.75, 191651, 26, 1, 0
3445, 240, 13, 14, 0, 0, 36.62%, 1, 0, 3, 55.41, 191920, 26, 1, 0
3450, 240, 13, 14, 0, 0, 36.62%, 1, 0, 3, 55.47, 192187, 26, 1, 0
3455, 240, 13, 14, 0, 0, 36.62%, 1, 0, 3, 51.07, 192433, 26, 1, 0
3461, 241, 4, 14, 0, 0, 36.62%, 1, 0, 3, 53.85, 192704, 26, 1, 0
3466, 241, 13, 14, 0, 0, 36.62%, 1, 0, 3, 50.26, 192938, 26, 1, 0
3471, 241, 13, 14, 0, 0, 36.62%, 1, 0, 3, 21.45, 193187, 26, 1, 0
3476, 241, 13, 14, 0, 0, 36.62%, 1, 0, 3, 46.27, 193457, 26, 1, 0
3481, 242, 13, 14, 0, 0, 36.62%, 1, 0, 3, 48.58, 193703, 26, 1, 0
3486, 242, 13, 14, 0, 0, 36.62%, 1, 0, 3, 51.07, 193964, 26, 1, 0
3491, 242, 12, 14, 0, 0, 36.62%, 1, 0, 3, 50.26, 194209, 26, 1, 0
3496, 242, 10, 14, 0, 0, 36.62%, 1, 0, 3, 55.78, 194479, 26, 1, 0
3501, 243, 13, 14, 0, 0, 36.62%, 1, 0, 3, 55.06, 194755, 26, 1, 0
3507, 243, 13, 14, 0, 0, 36.62%, 1, 0, 3, 53.61, 194988, 26, 1, 0
3512, 243, 13, 14, 0, 0, 36.62%, 1, 0, 3, 57.26, 195263, 26, 1, 0
3517, 244, 7, 14, 0, 0, 36.62%, 1, 0, 3, 59.59, 195509, 26, 1, 0
3522, 244, 13, 14, 0, 0, 36.62%, 1, 0, 3, 57.41, 195794, 26, 1, 0
3527, 244, 13, 14, 0, 0, 36.62%, 1, 0, 3, 56.67, 196081, 26, 1, 0
3532, 245, 13, 14, 0, 0, 36.62%, 1, 0, 3, 55.14, 196358, 26, 1, 0
3537, 245, 13, 14, 0, 0, 36.62%, 1, 0, 3, 52.26, 196615, 26, 1, 0
3542, 245, 13, 14, 0, 0, 36.62%, 1, 0, 3, 56.43, 196904, 26, 1, 0
3547, 246, 13, 14, 0, 0, 36.62%, 1, 0, 3, 55.74, 197185, 26, 1, 0
3552, 246, 10, 14, 0, 0, 36.62%, 1, 0, 3, 55.76, 197465, 26, 1, 0
3557, 246, 4, 14, 0, 0, 36.62%, 1, 0, 3, 55.69, 197736, 26, 1, 0
3562, 246, 7, 14, 0, 0, 36.62%, 1, 0, 3, 57.31, 198027, 26, 1, 0
3567, 247, 13, 14, 0, 0, 36.62%, 1, 0, 3, 55.88, 198309, 26, 1, 0
3572, 247, 13, 14, 0, 0, 36.62%, 1, 0, 3, 56.37, 198594, 26, 1, 0
3577, 247, 12, 14, 0, 0, 36.62%, 1, 0, 3, 57.60, 198892, 26, 1, 0
3582, 248, 13, 14, 0, 0, 36.62%, 1, 0, 3, 7.58, 199172, 26, 1, 0
3588, 248, 11, 14, 0, 0, 36.62%, 1, 0, 3, 56.57, 199457, 26, 1, 0
3593, 249, 13, 14, 0, 0, 36.62%, 1, 0, 3, 56.81, 199745, 26, 1, 0
3598, 249, 10, 14, 0, 0, 36.62%, 1, 0, 3, 56.34, 200027, 26, 1, 0
3600, 249, 13, 14, 0, 0, 36.62%, 1, 0, 3, 54.43, 200130, 26, 1, 0
