# relative_time, cycles_done, cur_item, corpus_count, pending_total, pending_favs, map_size, saved_crashes, saved_hangs, max_depth, execs_per_sec, total_execs, edges_found, total_crashes, servers_count
60, 32, 1, 10, 0, 0, 0.00%, 0, 0, 1, 635.37, 38643, 0, 0, 0
65, 34, 1, 10, 0, 0, 0.00%, 0, 0, 1, 641.20, 41895, 0, 0, 0
71, 37, 1, 10, 0, 0, 0.00%, 0, 0, 1, 635.60, 45131, 0, 0, 0
76, 40, 1, 10, 0, 0, 0.00%, 0, 0, 1, 637.92, 48367, 0, 0, 0
81, 42, 1, 10, 0, 0, 0.00%, 0, 0, 1, 638.82, 51583, 0, 0, 0
86, 45, 1, 10, 0, 0, 0.00%, 0, 0, 1, 635.29, 54783, 0, 0, 0
91, 48, 1, 10, 0, 0, 0.00%, 0, 0, 1, 633.07, 58007, 0, 0, 0
96, 50, 1, 10, 0, 0, 0.00%, 0, 0, 1, 629.28, 61231, 0, 0, 0
101, 53, 1, 10, 0, 0, 0.00%, 0, 0, 1, 635.32, 64443, 0, 0, 0
106, 56, 1, 10, 0, 0, 0.00%, 0, 0, 1, 629.94, 67631, 0, 0, 0
111, 58, 1, 10, 0, 0, 0.00%, 0, 0, 1, 627.59, 70831, 0, 0, 0
116, 61, 1, 10, 0, 0, 0.00%, 0, 0, 1, 633.58, 74019, 0, 0, 0
121, 64, 1, 10, 0, 0, 0.00%, 0, 0, 1, 634.04, 77255, 0, 0, 0
126, 67, 1, 10, 0, 0, 0.00%, 0, 0, 1, 641.35, 80519, 0, 0, 0
131, 69, 1, 10, 0, 0, 0.00%, 0, 0, 1, 643.17, 83767, 0, 0, 0
136, 72, 1, 10, 0, 0, 0.00%, 0, 0, 1, 646.84, 87055, 0, 0, 0
142, 75, 1, 10, 0, 0, 0.00%, 0, 0, 1, 645.13, 90307, 0, 0, 0
147, 77, 1, 10, 0, 0, 0.00%, 0, 0, 1, 643.08, 93543, 0, 0, 0
152, 80, 1, 10, 0, 0, 0.00%, 0, 0, 1, 644.14, 96819, 0, 0, 0
157, 83, 1, 10, 0, 0, 0.00%, 0, 0, 1, 640.68, 100055, 0, 0, 0
162, 85, 1, 10, 0, 0, 0.00%, 0, 0, 1, 637.60, 103255, 0, 0, 0
167, 88, 1, 10, 0, 0, 0.00%, 0, 0, 1, 639.06, 106483, 0, 0, 0
172, 91, 1, 10, 0, 0, 0.00%, 0, 0, 1, 634.06, 109671, 0, 0, 0
177, 94, 1, 10, 0, 0, 0.00%, 0, 0, 1, 637.30, 112907, 0, 0, 0
182, 96, 1, 10, 0, 0, 0.00%, 0, 0, 1, 632.38, 116107, 0, 0, 0
187, 99, 1, 10, 0, 0, 0.00%, 0, 0, 1, 633.38, 119383, 0, 0, 0
192, 102, 1, 10, 0, 0, 0.00%, 0, 0, 1, 640.59, 122631, 0, 0, 0
197, 104, 1, 10, 0, 0, 0.00%, 0, 0, 1, 637.59, 125819, 0, 0, 0
202, 107, 1, 10, 0, 0, 0.00%, 0, 0, 1, 647.06, 129095, 0, 0, 0
207, 110, 1, 10, 0, 0, 0.00%, 0, 0, 1, 637.92, 132283, 0, 0, 0
212, 112, 1, 10, 0, 0, 0.00%, 0, 0, 1, 631.82, 135467, 0, 0, 0
218, 115, 1, 10, 0, 0, 0.00%, 0, 0, 1, 630.96, 138683, 0, 0, 0
223, 118, 1, 10, 0, 0, 0.00%, 0, 0, 1, 630.81, 141919, 0, 0, 0
228, 120, 1, 10, 0, 0, 0.00%, 0, 0, 1, 625.60, 145095, 0, 0, 0
233, 123, 1, 10, 0, 0, 0.00%, 0, 0, 1, 632.28, 148283, 0, 0, 0
238, 126, 1, 10, 0, 0, 0.00%, 0, 0, 1, 630.47, 151455, 0, 0, 0
243, 128, 1, 10, 0, 0, 0.00%, 0, 0, 1, 631.69, 154643, 0, 0, 0
248, 131, 1, 10, 0, 0, 0.00%, 0, 0, 1, 631.01, 157843, 0, 0, 0
253, 134, 1, 10, 0, 0, 0.00%, 0, 0, 1, 638.17, 161043, 0, 0, 0
258, 136, 1, 10, 0, 0, 0.00%, 0, 0, 1, 639.31, 164283, 0, 0, 0
263, 139, 1, 10, 0, 0, 0.00%, 0, 0, 1, 638.53, 167495, 0, 0, 0
268, 142, 1, 10, 0, 0, 0.00%, 0, 0, 1, 628.44, 170643, 0, 0, 0
273, 144, 1, 10, 0, 0, 0.00%, 0, 0, 1, 634.60, 173843, 0, 0, 0
278, 147, 1, 10, 0, 0, 0.00%, 0, 0, 1, 632.10, 177007, 0, 0, 0
283, 150, 1, 10, 0, 0, 0.00%, 0, 0, 1, 640.64, 180267, 0, 0, 0
288, 152, 1, 10, 0, 0, 0.00%, 0, 0, 1, 639.52, 183495, 0, 0, 0
293, 155, 1, 10, 0, 0, 0.00%, 0, 0, 1, 640.44, 186755, 0, 0, 0
298, 158, 1, 10, 0, 0, 0.00%, 0, 0, 1, 638.13, 189943, 0, 0, 0
304, 160, 1, 10, 0, 0, 0.00%, 0, 0, 1, 635.46, 193097, 0, 0, 0
309, 163, 1, 10, 0, 0, 0.00%, 0, 0, 1, 639.68, 196345, 0, 0, 0
314, 166, 1, 10, 0, 0, 0.00%, 0, 0, 1, 645.21, 199621, 0, 0, 0
319, 168, 1, 10, 0, 0, 0.00%, 0, 0, 1, 643.61, 202872, 0, 0, 0
324, 171, 1, 10, 0, 0, 0.00%, 0, 0, 1, 647.52, 206145, 0, 0, 0
329, 174, 1, 10, 0, 0, 0.00%, 0, 0, 1, 634.66, 209345, 0, 0, 0
334, 177, 1, 10, 0, 0, 0.00%, 0, 0, 1, 630.50, 212545, 0, 0, 0
339, 179, 1, 10, 0, 0, 0.00%, 0, 0, 1, 631.45, 215773, 0, 0, 0
344, 182, 1, 10, 0, 0, 0.00%, 0, 0, 1, 631.68, 219009, 0, 0, 0
349, 185, 1, 10, 0, 0, 0.00%, 0, 0, 1, 617.61, 222121, 0, 0, 0
354, 187, 1, 10, 0, 0, 0.00%, 0, 0, 1, 633.35, 225345, 0, 0, 0
359, 190, 1, 10, 0, 0, 0.00%, 0, 0, 1, 621.44, 228509, 0, 0, 0
364, 193, 1, 10, 0, 0, 0.00%, 0, 0, 1, 640.48, 231745, 0, 0, 0
369, 195, 1, 10, 0, 0, 0.00%, 0, 0, 1, 637.22, 234969, 0, 0, 0
374, 198, 1, 10, 0, 0, 0.00%, 0, 0, 1, 641.58, 238209, 0, 0, 0
379, 201, 1, 10, 0, 0, 0.00%, 0, 0, 1, 643.02, 241469, 0, 0, 0
385, 203, 1, 10, 0, 0, 0.00%, 0, 0, 1, 640.97, 244733, 0, 0, 0
390, 206, 1, 10, 0, 0, 0.00%, 0, 0, 1, 621.51, 247921, 0, 0, 0
395, 209, 1, 10, 0, 0, 0.00%, 0, 0, 1, 638.26, 251197, 0, 0, 0
400, 211, 1, 10, 0, 0, 0.00%, 0, 0, 1, 630.41, 254421, 0, 0, 0
405, 214, 1, 10, 0, 0, 0.00%, 0, 0, 1, 638.26, 257657, 0, 0, 0
410, 217, 1, 10, 0, 0, 0.00%, 0, 0, 1, 640.32, 260869, 0, 0, 0
415, 220, 1, 10, 0, 0, 0.00%, 0, 0, 1, 640.15, 264085, 0, 0, 0
420, 222, 1, 10, 0, 0, 0.00%, 0, 0, 1, 632.23, 267297, 0, 0, 0
425, 225, 1, 10, 0, 0, 0.00%, 0, 0, 1, 642.34, 270533, 0, 0, 0
430, 228, 1, 10, 0, 0, 0.00%, 0, 0, 1, 637.97, 273733, 0, 0, 0
435, 230, 1, 10, 0, 0, 0.00%, 0, 0, 1, 637.01, 276969, 0, 0, 0
440, 233, 1, 10, 0, 0, 0.00%, 0, 0, 1, 645.68, 280257, 0, 0, 0
445, 236, 1, 10, 0, 0, 0.00%, 0, 0, 1, 625.32, 283421, 0, 0, 0
450, 238, 1, 10, 0, 0, 0.00%, 0, 0, 1, 636.57, 286657, 0, 0, 0
455, 241, 1, 10, 0, 0, 0.00%, 0, 0, 1, 637.48, 289885, 0, 0, 0
460, 244, 1, 10, 0, 0, 0.00%, 0, 0, 1, 618.19, 292985, 0, 0, 0
465, 246, 1, 10, 0, 0, 0.00%, 0, 0, 1, 593.74, 295918, 0, 0, 0
470, 248, 1, 10, 0, 0, 0.00%, 0, 0, 1, 583.64, 298874, 0, 0, 0
475, 251, 1, 10, 0, 0, 0.00%, 0, 0, 1, 573.93, 301730, 0, 0, 0
480, 253, 1, 10, 0, 0, 0.00%, 0, 0, 1, 580.58, 304730, 0, 0, 0
486, 256, 1, 10, 0, 0, 0.00%, 0, 0, 1, 584.53, 307708, 0, 0, 0
491, 259, 1, 10, 0, 0, 0.00%, 0, 0, 1, 627.63, 310959, 0, 0, 0
496, 261, 1, 10, 0, 0, 0.00%, 0, 0, 1, 635.09, 314199, 0, 0, 0
501, 264, 1, 10, 0, 0, 0.00%, 0, 0, 1, 635.96, 317399, 0, 0, 0
506, 267, 1, 10, 0, 0, 0.00%, 0, 0, 1, 645.40, 320659, 0, 0, 0
511, 269, 1, 10, 0, 0, 0.00%, 0, 0, 1, 627.92, 323859, 0, 0, 0
516, 272, 1, 10, 0, 0, 0.00%, 0, 0, 1, 634.86, 327171, 0, 0, 0
521, 275, 1, 10, 0, 0, 0.00%, 0, 0, 1, 636.83, 330423, 0, 0, 0
526, 277, 1, 10, 0, 0, 0.00%, 0, 0, 1, 636.62, 333635, 0, 0, 0
531, 280, 1, 10, 0, 0, 0.00%, 0, 0, 1, 625.01, 336811, 0, 0, 0
536, 283, 1, 10, 0, 0, 0.00%, 0, 0, 1, 635.09, 340035, 0, 0, 0
541, 285, 1, 10, 0, 0, 0.00%, 0, 0, 1, 624.36, 343171, 0, 0, 0
546, 288, 1, 10, 0, 0, 0.00%, 0, 0, 1, 637.51, 346399, 0, 0, 0
551, 291, 1, 10, 0, 0, 0.00%, 0, 0, 1, 633.22, 349571, 0, 0, 0
557, 293, 1, 10, 0, 0, 0.00%, 0, 0, 1, 635.83, 352771, 0, 0, 0
562, 296, 1, 10, 0, 0, 0.00%, 0, 0, 1, 639.51, 356023, 0, 0, 0
567, 299, 1, 10, 0, 0, 0.00%, 0, 0, 1, 639.38, 359247, 0, 0, 0
572, 301, 1, 10, 0, 0, 0.00%, 0, 0, 1, 641.40, 362471, 0, 0, 0
577, 304, 1, 10, 0, 0, 0.00%, 0, 0, 1, 635.50, 365647, 0, 0, 0
582, 307, 1, 10, 0, 0, 0.00%, 0, 0, 1, 633.17, 368835, 0, 0, 0
587, 309, 1, 10, 0, 0, 0.00%, 0, 0, 1, 637.89, 372059, 0, 0, 0
592, 312, 1, 10, 0, 0, 0.00%, 0, 0, 1, 621.27, 375259, 0, 0, 0
597, 315, 1, 10, 0, 0, 0.00%, 0, 0, 1, 586.51, 378221, 0, 0, 0
602, 317, 1, 10, 0, 0, 0.00%, 0, 0, 1, 579.45, 381099, 0, 0, 0
607, 320, 1, 10, 0, 0, 0.00%, 0, 0, 1, 600.37, 384125, 0, 0, 0
612, 322, 1, 10, 0, 0, 0.00%, 0, 0, 1, 593.13, 387165, 0, 0, 0
617, 325, 1, 10, 0, 0, 0.00%, 0, 0, 1, 610.92, 390273, 0, 0, 0
622, 327, 1, 10, 0, 0, 0.00%, 0, 0, 1, 606.62, 393313, 0, 0, 0
627, 330, 1, 10, 0, 0, 0.00%, 0, 0, 1, 604.08, 396373, 0, 0, 0
633, 332, 1, 10, 0, 0, 0.00%, 0, 0, 1, 586.98, 399376, 0, 0, 0
638, 335, 1, 10, 0, 0, 0.00%, 0, 0, 1, 601.07, 402410, 0, 0, 0
643, 337, 1, 10, 0, 0, 0.00%, 0, 0, 1, 624.36, 405589, 0, 0, 0
648, 340, 1, 10, 0, 0, 0.00%, 0, 0, 1, 590.10, 408565, 0, 0, 0
653, 342, 1, 10, 0, 0, 0.00%, 0, 0, 1, 615.82, 411676, 0, 0, 0
658, 345, 1, 10, 0, 0, 0.00%, 0, 0, 1, 580.92, 414632, 0, 0, 0
663, 347, 1, 10, 0, 0, 0.00%, 0, 0, 1, 545.54, 417368, 0, 0, 0
668, 349, 1, 10, 0, 0, 0.00%, 0, 0, 1, 477.22, 419771, 0, 0, 0
673, 351, 1, 10, 0, 0, 0.00%, 0, 0, 1, 507.67, 422142, 0, 0, 0
678, 354, 1, 10, 0, 0, 0.00%, 0, 0, 1, 589.50, 425148, 0, 0, 0
683, 356, 1, 10, 0, 0, 0.00%, 0, 0, 1, 623.50, 428366, 0, 0, 0
688, 359, 1, 10, 0, 0, 0.00%, 0, 0, 1, 628.56, 431566, 0, 0, 0
693, 362, 1, 10, 0, 0, 0.00%, 0, 0, 1, 631.27, 434718, 0, 0, 0
698, 364, 1, 10, 0, 0, 0.00%, 0, 0, 1, 627.53, 437854, 0, 0, 0
703, 367, 1, 10, 0, 0, 0.00%, 0, 0, 1, 631.83, 441030, 0, 0, 0
708, 370, 1, 10, 0, 0, 0.00%, 0, 0, 1, 638.46, 444278, 0, 0, 0
713, 372, 1, 10, 0, 0, 0.00%, 0, 0, 1, 635.33, 447466, 0, 0, 0
718, 375, 1, 10, 0, 0, 0.00%, 0, 0, 1, 635.33, 450678, 0, 0, 0
724, 378, 1, 10, 0, 0, 0.00%, 0, 0, 1, 629.75, 453894, 0, 0, 0
729, 380, 1, 10, 0, 0, 0.00%, 0, 0, 1, 633.36, 457130, 0, 0, 0
734, 383, 1, 10, 0, 0, 0.00%, 0, 0, 1, 638.11, 460378, 0, 0, 0
739, 386, 1, 10, 0, 0, 0.00%, 0, 0, 1, 638.90, 463606, 0, 0, 0
744, 388, 1, 10, 0, 0, 0.00%, 0, 0, 1, 635.25, 466806, 0, 0, 0
749, 391, 1, 10, 0, 0, 0.00%, 0, 0, 1, 639.72, 470042, 0, 0, 0
754, 394, 1, 10, 0, 0, 0.00%, 0, 0, 1, 631.60, 473181, 0, 0, 0
759, 396, 1, 10, 0, 0, 0.00%, 0, 0, 1, 631.02, 476366, 0, 0, 0
764, 399, 1, 10, 0, 0, 0.00%, 0, 0, 1, 638.85, 479618, 0, 0, 0
769, 402, 1, 10, 0, 0, 0.00%, 0, 0, 1, 636.96, 482830, 0, 0, 0
774, 404, 1, 10, 0, 0, 0.00%, 0, 0, 1, 620.12, 485978, 0, 0, 0
779, 407, 1, 10, 0, 0, 0.00%, 0, 0, 1, 625.76, 489142, 0, 0, 0
784, 410, 1, 10, 0, 0, 0.00%, 0, 0, 1, 634.81, 492330, 0, 0, 0
789, 412, 1, 10, 0, 0, 0.00%, 0, 0, 1, 636.78, 495530, 0, 0, 0
795, 415, 1, 10, 0, 0, 0.00%, 0, 0, 1, 636.61, 498754, 0, 0, 0
800, 418, 1, 10, 0, 0, 0.00%, 0, 0, 1, 631.49, 501906, 0, 0, 0
805, 420, 1, 10, 0, 0, 0.00%, 0, 0, 1, 636.13, 505154, 0, 0, 0
810, 423, 1, 10, 0, 0, 0.00%, 0, 0, 1, 633.67, 508330, 0, 0, 0
815, 426, 1, 10, 0, 0, 0.00%, 0, 0, 1, 632.52, 511494, 0, 0, 0
820, 428, 1, 10, 0, 0, 0.00%, 0, 0, 1, 630.17, 514718, 0, 0, 0
825, 431, 1, 10, 0, 0, 0.00%, 0, 0, 1, 620.53, 517894, 0, 0, 0
830, 434, 1, 10, 0, 0, 0.00%, 0, 0, 1, 620.28, 521042, 0, 0, 0
835, 436, 1, 10, 0, 0, 0.00%, 0, 0, 1, 627.36, 524218, 0, 0, 0
840, 439, 1, 10, 0, 0, 0.00%, 0, 0, 1, 630.91, 527394, 0, 0, 0
845, 442, 1, 10, 0, 0, 0.00%, 0, 0, 1, 634.46, 530618, 0, 0, 0
850, 444, 1, 10, 0, 0, 0.00%, 0, 0, 1, 624.42, 533718, 0, 0, 0
855, 447, 1, 10, 0, 0, 0.00%, 0, 0, 1, 637.88, 536966, 0, 0, 0
860, 450, 1, 10, 0, 0, 0.00%, 0, 0, 1, 634.02, 540166, 0, 0, 0
865, 452, 1, 10, 0, 0, 0.00%, 0, 0, 1, 637.50, 543394, 0, 0, 0
870, 455, 1, 10, 0, 0, 0.00%, 0, 0, 1, 642.68, 546654, 0, 0, 0
875, 458, 1, 10, 0, 0, 0.00%, 0, 0, 1, 638.29, 549866, 0, 0, 0
881, 460, 1, 10, 0, 0, 0.00%, 0, 0, 1, 630.59, 553030, 0, 0, 0
886, 463, 1, 10, 0, 0, 0.00%, 0, 0, 1, 640.10, 556230, 0, 0, 0
891, 466, 1, 10, 0, 0, 0.00%, 0, 0, 1, 631.05, 559406, 0, 0, 0
896, 468, 1, 10, 0, 0, 0.00%, 0, 0, 1, 635.29, 562618, 0, 0, 0
901, 471, 1, 10, 0, 0, 0.00%, 0, 0, 1, 620.13, 565766, 0, 0, 0
906, 474, 1, 10, 0, 0, 0.00%, 0, 0, 1, 638.27, 569018, 0, 0, 0
911, 476, 1, 10, 0, 0, 0.00%, 0, 0, 1, 641.08, 572242, 0, 0, 0
916, 479, 1, 10, 0, 0, 0.00%, 0, 0, 1, 628.59, 575430, 0, 0, 0
921, 482, 1, 10, 0, 0, 0.00%, 0, 0, 1, 638.16, 578666, 0, 0, 0
926, 484, 1, 10, 0, 0, 0.00%, 0, 0, 1, 641.15, 581894, 0, 0, 0
931, 487, 1, 10, 0, 0, 0.00%, 0, 0, 1, 642.11, 585154, 0, 0, 0
936, 490, 1, 10, 0, 0, 0.00%, 0, 0, 1, 641.31, 588406, 0, 0, 0
941, 492, 1, 10, 0, 0, 0.00%, 0, 0, 1, 634.81, 591554, 0, 0, 0
946, 495, 1, 10, 0, 0, 0.00%, 0, 0, 1, 633.20, 594754, 0, 0, 0
951, 498, 1, 10, 0, 0, 0.00%, 0, 0, 1, 637.60, 597966, 0, 0, 0
956, 500, 1, 10, 0, 0, 0.00%, 0, 0, 1, 640.51, 601206, 0, 0, 0
961, 503, 1, 10, 0, 0, 0.00%, 0, 0, 1, 623.07, 604380, 0, 0, 0
966, 506, 1, 10, 0, 0, 0.00%, 0, 0, 1, 641.74, 607620, 0, 0, 0
971, 508, 1, 10, 0, 0, 0.00%, 0, 0, 1, 623.82, 610768, 0, 0, 0
976, 511, 1, 10, 0, 0, 0.00%, 0, 0, 1, 631.39, 613956, 0, 0, 0
982, 514, 1, 10, 0, 0, 0.00%, 0, 0, 1, 643.01, 617244, 0, 0, 0
987, 517, 1, 10, 0, 0, 0.00%, 0, 0, 1, 645.50, 620484, 0, 0, 0
992, 519, 1, 10, 0, 0, 0.00%, 0, 0, 1, 642.76, 623744, 0, 0, 0
997, 522, 1, 10, 0, 0, 0.00%, 0, 0, 1, 640.63, 626980, 0, 0, 0
1002, 525, 1, 10, 0, 0, 0.00%, 0, 0, 1, 631.70, 630156, 0, 0, 0
1007, 527, 1, 10, 0, 0, 0.00%, 0, 0, 1, 627.39, 633368, 0, 0, 0
1012, 530, 1, 10, 0, 0, 0.00%, 0, 0, 1, 634.50, 636596, 0, 0, 0
1017, 533, 1, 10, 0, 0, 0.00%, 0, 0, 1, 638.53, 639808, 0, 0, 0
1022, 535, 1, 10, 0, 0, 0.00%, 0, 0, 1, 640.00, 643056, 0, 0, 0
1027, 538, 1, 10, 0, 0, 0.00%, 0, 0, 1, 626.75, 646268, 0, 0, 0
1032, 541, 1, 10, 0, 0, 0.00%, 0, 0, 1, 636.99, 649480, 0, 0, 0
1037, 543, 1, 10, 0, 0, 0.00%, 0, 0, 1, 638.33, 652696, 0, 0, 0
1042, 546, 1, 10, 0, 0, 0.00%, 0, 0, 1, 637.21, 655932, 0, 0, 0
1047, 549, 1, 10, 0, 0, 0.00%, 0, 0, 1, 641.83, 659180, 0, 0, 0
1052, 551, 1, 10, 0, 0, 0.00%, 0, 0, 1, 630.70, 662344, 0, 0, 0
1058, 554, 1, 10, 0, 0, 0.00%, 0, 0, 1, 634.07, 665596, 0, 0, 0
1063, 557, 1, 10, 0, 0, 0.00%, 0, 0, 1, 640.99, 668832, 0, 0, 0
1068, 559, 1, 10, 0, 0, 0.00%, 0, 0, 1, 636.60, 672044, 0, 0, 0
1073, 562, 1, 10, 0, 0, 0.00%, 0, 0, 1, 639.58, 675268, 0, 0, 0
1078, 565, 1, 10, 0, 0, 0.00%, 0, 0, 1, 640.20, 678520, 0, 0, 0
1083, 567, 1, 10, 0, 0, 0.00%, 0, 0, 1, 561.78, 681409, 0, 0, 0
1088, 570, 1, 10, 0, 0, 0.00%, 0, 0, 1, 599.18, 684442, 0, 0, 0
1093, 572, 1, 10, 0, 0, 0.00%, 0, 0, 1, 594.51, 687510, 0, 0, 0
1098, 575, 1, 10, 0, 0, 0.00%, 0, 0, 1, 569.21, 690421, 0, 0, 0
1103, 577, 1, 10, 0, 0, 0.00%, 0, 0, 1, 586.90, 693454, 0, 0, 0
1108, 580, 1, 10, 0, 0, 0.00%, 0, 0, 1, 578.50, 696354, 0, 0, 0
1113, 582, 1, 10, 0, 0, 0.00%, 0, 0, 1, 578.09, 699265, 0, 0, 0
1118, 585, 1, 10, 0, 0, 0.00%, 0, 0, 1, 561.29, 702099, 0, 0, 0
1123, 587, 1, 10, 0, 0, 0.00%, 0, 0, 1, 608.82, 705212, 0, 0, 0
1128, 590, 1, 10, 0, 0, 0.00%, 0, 0, 1, 633.13, 708460, 0, 0, 0
1133, 592, 1, 10, 0, 0, 0.00%, 0, 0, 1, 637.80, 711672, 0, 0, 0
1138, 595, 1, 10, 0, 0, 0.00%, 0, 0, 1, 637.69, 714888, 0, 0, 0
1143, 598, 1, 10, 0, 0, 0.00%, 0, 0, 1, 638.46, 718124, 0, 0, 0
1149, 601, 1, 10, 0, 0, 0.00%, 0, 0, 1, 631.57, 721348, 0, 0, 0
1154, 603, 1, 10, 0, 0, 0.00%, 0, 0, 1, 638.09, 724572, 0, 0, 0
1159, 606, 1, 10, 0, 0, 0.00%, 0, 0, 1, 643.18, 727824, 0, 0, 0
1164, 609, 1, 10, 0, 0, 0.00%, 0, 0, 1, 641.36, 731048, 0, 0, 0
1169, 611, 1, 10, 0, 0, 0.00%, 0, 0, 1, 641.69, 734300, 0, 0, 0
1174, 614, 1, 10, 0, 0, 0.00%, 0, 0, 1, 641.45, 737536, 0, 0, 0
1179, 617, 1, 10, 0, 0, 0.00%, 0, 0, 1, 629.56, 740736, 0, 0, 0
1184, 619, 1, 10, 0, 0, 0.00%, 0, 0, 1, 635.82, 743960, 0, 0, 0
1189, 622, 1, 10, 0, 0, 0.00%, 0, 0, 1, 641.49, 747212, 0, 0, 0
1194, 625, 1, 10, 0, 0, 0.00%, 0, 0, 1, 640.41, 750448, 0, 0, 0
1199, 627, 1, 10, 0, 0, 0.00%, 0, 0, 1, 640.19, 753684, 0, 0, 0
1204, 630, 1, 10, 0, 0, 0.00%, 0, 0, 1, 639.42, 756924, 0, 0, 0
1209, 633, 1, 10, 0, 0, 0.00%, 0, 0, 1, 628.75, 760084, 0, 0, 0
1214, 636, 1, 10, 0, 0, 0.00%, 0, 0, 1, 639.63, 763348, 0, 0, 0
1219, 638, 1, 10, 0, 0, 0.00%, 0, 0, 1, 640.84, 766600, 0, 0, 0
1225, 641, 1, 10, 0, 0, 0.00%, 0, 0, 1, 641.02, 769884, 0, 0, 0
1230, 644, 1, 10, 0, 0, 0.00%, 0, 0, 1, 644.25, 773160, 0, 0, 0
1235, 646, 1, 10, 0, 0, 0.00%, 0, 0, 1, 636.64, 776360, 0, 0, 0
1240, 649, 1, 10, 0, 0, 0.00%, 0, 0, 1, 625.25, 779487, 0, 0, 0
1245, 652, 1, 10, 0, 0, 0.00%, 0, 0, 1, 639.67, 782748, 0, 0, 0
1250, 654, 1, 10, 0, 0, 0.00%, 0, 0, 1, 639.30, 785972, 0, 0, 0
1255, 657, 1, 10, 0, 0, 0.00%, 0, 0, 1, 636.17, 789184, 0, 0, 0
1260, 660, 1, 10, 0, 0, 0.00%, 0, 0, 1, 621.69, 792350, 0, 0, 0
1265, 662, 1, 10, 0, 0, 0.00%, 0, 0, 1, 622.00, 795474, 0, 0, 0
1270, 665, 1, 10, 0, 0, 0.00%, 0, 0, 1, 637.41, 798714, 0, 0, 0
1275, 668, 1, 10, 0, 0, 0.00%, 0, 0, 1, 641.99, 801962, 0, 0, 0
1280, 670, 1, 10, 0, 0, 0.00%, 0, 0, 1, 640.36, 805202, 0, 0, 0
1285, 673, 1, 10, 0, 0, 0.00%, 0, 0, 1, 644.33, 808486, 0, 0, 0
1290, 676, 1, 10, 0, 0, 0.00%, 0, 0, 1, 639.84, 811750, 0, 0, 0
1295, 678, 1, 10, 0, 0, 0.00%, 0, 0, 1, 631.17, 814862, 0, 0, 0
1300, 681, 1, 10, 0, 0, 0.00%, 0, 0, 1, 633.42, 818050, 0, 0, 0
1305, 684, 1, 10, 0, 0, 0.00%, 0, 0, 1, 634.28, 821262, 0, 0, 0
1310, 686, 1, 10, 0, 0, 0.00%, 0, 0, 1, 636.79, 824438, 0, 0, 0
1315, 689, 1, 10, 0, 0, 0.00%, 0, 0, 1, 639.62, 827686, 0, 0, 0
1321, 692, 1, 10, 0, 0, 0.00%, 0, 0, 1, 629.57, 830862, 0, 0, 0
1326, 694, 1, 10, 0, 0, 0.00%, 0, 0, 1, 636.78, 834086, 0, 0, 0
1331, 697, 1, 10, 0, 0, 0.00%, 0, 0, 1, 632.09, 837274, 0, 0, 0
1336, 700, 1, 10, 0, 0, 0.00%, 0, 0, 1, 633.40, 840486, 0, 0, 0
1341, 703, 1, 10, 0, 0, 0.00%, 0, 0, 1, 640.54, 843762, 0, 0, 0
1346, 705, 1, 10, 0, 0, 0.00%, 0, 0, 1, 636.09, 847062, 0, 0, 0
1351, 708, 1, 10, 0, 0, 0.00%, 0, 0, 1, 635.38, 850262, 0, 0, 0
1356, 711, 1, 10, 0, 0, 0.00%, 0, 0, 1, 638.87, 853486, 0, 0, 0
1361, 713, 1, 10, 0, 0, 0.00%, 0, 0, 1, 626.70, 856614, 0, 0, 0
1366, 716, 1, 10, 0, 0, 0.00%, 0, 0, 1, 637.91, 859850, 0, 0, 0
1371, 719, 1, 10, 0, 0, 0.00%, 0, 0, 1, 637.00, 863050, 0, 0, 0
1376, 721, 1, 10, 0, 0, 0.00%, 0, 0, 1, 639.34, 866302, 0, 0, 0
1381, 724, 1, 10, 0, 0, 0.00%, 0, 0, 1, 618.90, 869462, 0, 0, 0
1386, 727, 1, 10, 0, 0, 0.00%, 0, 0, 1, 637.52, 872702, 0, 0, 0
1391, 729, 1, 10, 0, 0, 0.00%, 0, 0, 1, 635.70, 875886, 0, 0, 0
1397, 732, 1, 10, 0, 0, 0.00%, 0, 0, 1, 640.20, 879126, 0, 0, 0
1402, 735, 1, 10, 0, 0, 0.00%, 0, 0, 1, 636.25, 882338, 0, 0, 0
1407, 737, 1, 10, 0, 0, 0.00%, 0, 0, 1, 641.81, 885586, 0, 0, 0
1412, 740, 1, 10, 0, 0, 0.00%, 0, 0, 1, 639.21, 888814, 0, 0, 0
1417, 743, 1, 10, 0, 0, 0.00%, 0, 0, 1, 637.62, 892026, 0, 0, 0
1422, 745, 1, 10, 0, 0, 0.00%, 0, 0, 1, 632.00, 895202, 0, 0, 0
1427, 748, 1, 10, 0, 0, 0.00%, 0, 0, 1, 634.04, 898402, 0, 0, 0
1432, 751, 1, 10, 0, 0, 0.00%, 0, 0, 1, 640.78, 901626, 0, 0, 0
1437, 753, 1, 10, 0, 0, 0.00%, 0, 0, 1, 629.28, 904814, 0, 0, 0
1442, 756, 1, 10, 0, 0, 0.00%, 0, 0, 1, 634.35, 908014, 0, 0, 0
1447, 759, 1, 10, 0, 0, 0.00%, 0, 0, 1, 619.34, 911186, 0, 0, 0
1452, 761, 1, 10, 0, 0, 0.00%, 0, 0, 1, 634.55, 914438, 0, 0, 0
1457, 764, 1, 10, 0, 0, 0.00%, 0, 0, 1, 636.13, 917662, 0, 0, 0
1462, 767, 1, 10, 0, 0, 0.00%, 0, 0, 1, 646.25, 920950, 0, 0, 0
1467, 770, 1, 10, 0, 0, 0.00%, 0, 0, 1, 637.22, 924138, 0, 0, 0
1472, 772, 1, 10, 0, 0, 0.00%, 0, 0, 1, 640.11, 927374, 0, 0, 0
1477, 775, 1, 10, 0, 0, 0.00%, 0, 0, 1, 633.95, 930602, 0, 0, 0
1482, 778, 1, 10, 0, 0, 0.00%, 0, 0, 1, 636.85, 933802, 0, 0, 0
1488, 780, 1, 10, 0, 0, 0.00%, 0, 0, 1, 637.50, 937014, 0, 0, 0
1493, 783, 1, 10, 0, 0, 0.00%, 0, 0, 1, 632.01, 940202, 0, 0, 0
1498, 786, 1, 10, 0, 0, 0.00%, 0, 0, 1, 629.41, 943374, 0, 0, 0
1503, 788, 1, 10, 0, 0, 0.00%, 0, 0, 1, 637.89, 946586, 0, 0, 0
1508, 791, 1, 10, 0, 0, 0.00%, 0, 0, 1, 639.50, 949838, 0, 0, 0
1513, 794, 1, 10, 0, 0, 0.00%, 0, 0, 1, 642.06, 953074, 0, 0, 0
1518, 796, 1, 10, 0, 0, 0.00%, 0, 0, 1, 645.34, 956338, 0, 0, 0
1523, 799, 1, 10, 0, 0, 0.00%, 0, 0, 1, 641.77, 959586, 0, 0, 0
1528, 802, 1, 10, 0, 0, 0.00%, 0, 0, 1, 645.92, 962838, 0, 0, 0
1533, 804, 1, 10, 0, 0, 0.00%, 0, 0, 1, 633.59, 966050, 0, 0, 0
1538, 807, 1, 10, 0, 0, 0.00%, 0, 0, 1, 627.06, 969226, 0, 0, 0
1543, 810, 1, 10, 0, 0, 0.00%, 0, 0, 1, 637.96, 972450, 0, 0, 0
1548, 812, 1, 10, 0, 0, 0.00%, 0, 0, 1, 638.60, 975686, 0, 0, 0
1553, 815, 1, 10, 0, 0, 0.00%, 0, 0, 1, 631.35, 978838, 0, 0, 0
1558, 818, 1, 10, 0, 0, 0.00%, 0, 0, 1, 633.82, 982050, 0, 0, 0
1563, 820, 1, 10, 0, 0, 0.00%, 0, 0, 1, 627.77, 985188, 0, 0, 0
1568, 823, 1, 10, 0, 0, 0.00%, 0, 0, 1, 633.26, 988404, 0, 0, 0
1574, 826, 1, 10, 0, 0, 0.00%, 0, 0, 1, 642.32, 991676, 0, 0, 0
1579, 829, 1, 10, 0, 0, 0.00%, 0, 0, 1, 643.89, 994940, 0, 0, 0
1584, 831, 1, 10, 0, 0, 0.00%, 0, 0, 1, 645.59, 998191, 0, 0, 0
1589, 834, 1, 10, 0, 0, 0.00%, 0, 0, 1, 645.16, 1001464, 0, 0, 0
1594, 837, 1, 10, 0, 0, 0.00%, 0, 0, 1, 630.70, 1004616, 0, 0, 0
1599, 839, 1, 10, 0, 0, 0.00%, 0, 0, 1, 634.22, 1007840, 0, 0, 0
1604, 842, 1, 10, 0, 0, 0.00%, 0, 0, 1, 637.94, 1011088, 0, 0, 0
1609, 845, 1, 10, 0, 0, 0.00%, 0, 0, 1, 640.34, 1014328, 0, 0, 0
1614, 847, 1, 10, 0, 0, 0.00%, 0, 0, 1, 642.76, 1017588, 0, 0, 0
1619, 850, 1, 10, 0, 0, 0.00%, 0, 0, 1, 641.55, 1020828, 0, 0, 0
1624, 853, 1, 10, 0, 0, 0.00%, 0, 0, 1, 642.23, 1024052, 0, 0, 0
1629, 855, 1, 10, 0, 0, 0.00%, 0, 0, 1, 635.63, 1027264, 0, 0, 0
1634, 858, 1, 10, 0, 0, 0.00%, 0, 0, 1, 639.70, 1030504, 0, 0, 0
1639, 861, 1, 10, 0, 0, 0.00%, 0, 0, 1, 648.77, 1033788, 0, 0, 0
1644, 863, 1, 10, 0, 0, 0.00%, 0, 0, 1, 603.88, 1036804, 0, 0, 0
1649, 866, 1, 10, 0, 0, 0.00%, 0, 0, 1, 610.54, 1039876, 0, 0, 0
1654, 868, 1, 10, 0, 0, 0.00%, 0, 0, 1, 583.27, 1042748, 0, 0, 0
1659, 871, 1, 10, 0, 0, 0.00%, 0, 0, 1, 579.97, 1045692, 0, 0, 0
1664, 873, 1, 10, 0, 0, 0.00%, 0, 0, 1, 584.64, 1048659, 0, 0, 0
1669, 876, 1, 10, 0, 0, 0.00%, 0, 0, 1, 586.00, 1051548, 0, 0, 0
1675, 878, 1, 10, 0, 0, 0.00%, 0, 0, 1, 591.50, 1054592, 0, 0, 0
1680, 881, 1, 10, 0, 0, 0.00%, 0, 0, 1, 603.26, 1057629, 0, 0, 0
1685, 883, 1, 10, 0, 0, 0.00%, 0, 0, 1, 612.20, 1060717, 0, 0, 0
1690, 886, 1, 10, 0, 0, 0.00%, 0, 0, 1, 609.46, 1063865, 0, 0, 0
1695, 889, 1, 10, 0, 0, 0.00%, 0, 0, 1, 619.55, 1067005, 0, 0, 0
1700, 891, 1, 10, 0, 0, 0.00%, 0, 0, 1, 620.10, 1070153, 0, 0, 0
1705, 894, 1, 10, 0, 0, 0.00%, 0, 0, 1, 594.44, 1073204, 0, 0, 0
1710, 896, 1, 10, 0, 0, 0.00%, 0, 0, 1, 589.19, 1076181, 0, 0, 0
1715, 899, 1, 10, 0, 0, 0.00%, 0, 0, 1, 627.43, 1079465, 0, 0, 0
1721, 902, 1, 10, 0, 0, 0.00%, 0, 0, 1, 626.31, 1082617, 0, 0, 0
1726, 904, 1, 10, 0, 0, 0.00%, 0, 0, 1, 636.00, 1085829, 0, 0, 0
1731, 907, 1, 10, 0, 0, 0.00%, 0, 0, 1, 635.37, 1089065, 0, 0, 0
1736, 910, 1, 10, 0, 0, 0.00%, 0, 0, 1, 637.52, 1092292, 0, 0, 0
1741, 912, 1, 10, 0, 0, 0.00%, 0, 0, 1, 626.15, 1095517, 0, 0, 0
1746, 915, 1, 10, 0, 0, 0.00%, 0, 0, 1, 642.40, 1098817, 0, 0, 0
1751, 918, 1, 10, 0, 0, 0.00%, 0, 0, 1, 638.57, 1102041, 0, 0, 0
1756, 921, 1, 10, 0, 0, 0.00%, 0, 0, 1, 643.05, 1105317, 0, 0, 0
1761, 923, 1, 10, 0, 0, 0.00%, 0, 0, 1, 647.60, 1108617, 0, 0, 0
1766, 926, 1, 10, 0, 0, 0.00%, 0, 0, 1, 637.96, 1111853, 0, 0, 0
1771, 929, 1, 10, 0, 0, 0.00%, 0, 0, 1, 645.45, 1115117, 0, 0, 0
1776, 931, 1, 10, 0, 0, 0.00%, 0, 0, 1, 645.69, 1118405, 0, 0, 0
1782, 934, 1, 10, 0, 0, 0.00%, 0, 0, 1, 637.66, 1121653, 0, 0, 0
1787, 937, 1, 10, 0, 0, 0.00%, 0, 0, 1, 646.58, 1124941, 0, 0, 0
1792, 940, 1, 10, 0, 0, 0.00%, 0, 0, 1, 645.33, 1128229, 0, 0, 0
1797, 942, 1, 10, 0, 0, 0.00%, 0, 0, 1, 645.53, 1131489, 0, 0, 0
1802, 945, 1, 10, 0, 0, 0.00%, 0, 0, 1, 632.54, 1134692, 0, 0, 0
1807, 948, 1, 10, 0, 0, 0.00%, 0, 0, 1, 631.39, 1137917, 0, 0, 0
1812, 950, 1, 10, 0, 0, 0.00%, 0, 0, 1, 646.42, 1141177, 0, 0, 0
1817, 953, 1, 10, 0, 0, 0.00%, 0, 0, 1, 648.73, 1144477, 0, 0, 0
1822, 956, 1, 10, 0, 0, 0.00%, 0, 0, 1, 646.97, 1147765, 0, 0, 0
1827, 959, 1, 10, 0, 0, 0.00%, 0, 0, 1, 646.55, 1151005, 0, 0, 0
1832, 961, 1, 10, 0, 0, 0.00%, 0, 0, 1, 648.88, 1154277, 0, 0, 0
1837, 964, 1, 10, 0, 0, 0.00%, 0, 0, 1, 640.58, 1157541, 0, 0, 0
1842, 967, 1, 10, 0, 0, 0.00%, 0, 0, 1, 648.72, 1160829, 0, 0, 0
1847, 970, 1, 10, 0, 0, 0.00%, 0, 0, 1, 649.23, 1164105, 0, 0, 0
1852, 972, 1, 10, 0, 0, 0.00%, 0, 0, 1, 636.65, 1167341, 0, 0, 0
1858, 975, 1, 10, 0, 0, 0.00%, 0, 0, 1, 643.08, 1170617, 0, 0, 0
1863, 978, 1, 10, 0, 0, 0.00%, 0, 0, 1, 640.02, 1173842, 0, 0, 0
1868, 980, 1, 10, 0, 0, 0.00%, 0, 0, 1, 634.95, 1177066, 0, 0, 0
1873, 983, 1, 10, 0, 0, 0.00%, 0, 0, 1, 641.19, 1180342, 0, 0, 0
1878, 986, 1, 10, 0, 0, 0.00%, 0, 0, 1, 646.98, 1183642, 0, 0, 0
1883, 989, 1, 10, 0, 0, 0.00%, 0, 0, 1, 652.25, 1186946, 0, 0, 0
1888, 991, 1, 10, 0, 0, 0.00%, 0, 0, 1, 651.29, 1190246, 0, 0, 0
1893, 994, 1, 10, 0, 0, 0.00%, 0, 0, 1, 634.53, 1193442, 0, 0, 0
1898, 997, 1, 10, 0, 0, 0.00%, 0, 0, 1, 639.53, 1196718, 0, 0, 0
1903, 999, 1, 10, 0, 0, 0.00%, 0, 0, 1, 640.65, 1199978, 0, 0, 0
1908, 1002, 1, 10, 0, 0, 0.00%, 0, 0, 1, 645.68, 1203266, 0, 0, 0
1913, 1005, 1, 10, 0, 0, 0.00%, 0, 0, 1, 644.39, 1206542, 0, 0, 0
1918, 1008, 1, 10, 0, 0, 0.00%, 0, 0, 1, 638.35, 1209754, 0, 0, 0
1924, 1010, 1, 10, 0, 0, 0.00%, 0, 0, 1, 638.43, 1212993, 0, 0, 0
1929, 1013, 1, 10, 0, 0, 0.00%, 0, 0, 1, 639.23, 1216230, 0, 0, 0
1934, 1016, 1, 10, 0, 0, 0.00%, 0, 0, 1, 641.41, 1219490, 0, 0, 0
1939, 1018, 1, 10, 0, 0, 0.00%, 0, 0, 1, 645.72, 1222754, 0, 0, 0
1944, 1021, 1, 10, 0, 0, 0.00%, 0, 0, 1, 639.19, 1225990, 0, 0, 0
1949, 1024, 1, 10, 0, 0, 0.00%, 0, 0, 1, 645.65, 1229254, 0, 0, 0
1954, 1026, 1, 10, 0, 0, 0.00%, 0, 0, 1, 638.23, 1232478, 0, 0, 0
1959, 1029, 1, 10, 0, 0, 0.00%, 0, 0, 1, 632.72, 1235690, 0, 0, 0
1964, 1032, 1, 10, 0, 0, 0.00%, 0, 0, 1, 637.91, 1238918, 0, 0, 0
1969, 1035, 1, 10, 0, 0, 0.00%, 0, 0, 1, 639.22, 1242154, 0, 0, 0
1974, 1037, 1, 10, 0, 0, 0.00%, 0, 0, 1, 640.05, 1245394, 0, 0, 0
1979, 1040, 1, 10, 0, 0, 0.00%, 0, 0, 1, 638.82, 1248654, 0, 0, 0
1984, 1043, 1, 10, 0, 0, 0.00%, 0, 0, 1, 632.04, 1251818, 0, 0, 0
1990, 1045, 1, 10, 0, 0, 0.00%, 0, 0, 1, 632.02, 1255042, 0, 0, 0
1995, 1048, 1, 10, 0, 0, 0.00%, 0, 0, 1, 594.24, 1258006, 0, 0, 0
2000, 1050, 1, 10, 0, 0, 0.00%, 0, 0, 1, 569.24, 1260873, 0, 0, 0
2005, 1053, 1, 10, 0, 0, 0.00%, 0, 0, 1, 588.51, 1263851, 0, 0, 0
2010, 1055, 1, 10, 0, 0, 0.00%, 0, 0, 1, 601.79, 1266980, 0, 0, 0
2015, 1058, 1, 10, 0, 0, 0.00%, 0, 0, 1, 579.10, 1269895, 0, 0, 0
2020, 1060, 1, 10, 0, 0, 0.00%, 0, 0, 1, 588.96, 1272873, 0, 0, 0
2025, 1063, 1, 10, 0, 0, 0.00%, 0, 0, 1, 606.05, 1275892, 0, 0, 0
2030, 1065, 1, 10, 0, 0, 0.00%, 0, 0, 1, 630.57, 1279120, 0, 0, 0
2035, 1068, 1, 10, 0, 0, 0.00%, 0, 0, 1, 639.22, 1282392, 0, 0, 0
2040, 1071, 1, 10, 0, 0, 0.00%, 0, 0, 1, 636.11, 1285632, 0, 0, 0
2045, 1073, 1, 10, 0, 0, 0.00%, 0, 0, 1, 637.47, 1288856, 0, 0, 0
2050, 1076, 1, 10, 0, 0, 0.00%, 0, 0, 1, 633.29, 1292032, 0, 0, 0
2056, 1079, 1, 10, 0, 0, 0.00%, 0, 0, 1, 633.23, 1295208, 0, 0, 0
2061, 1081, 1, 10, 0, 0, 0.00%, 0, 0, 1, 641.28, 1298480, 0, 0, 0
2066, 1084, 1, 10, 0, 0, 0.00%, 0, 0, 1, 639.91, 1301744, 0, 0, 0
2071, 1087, 1, 10, 0, 0, 0.00%, 0, 0, 1, 628.66, 1304932, 0, 0, 0
2076, 1090, 1, 10, 0, 0, 0.00%, 0, 0, 1, 639.01, 1308192, 0, 0, 0
2081, 1092, 1, 10, 0, 0, 0.00%, 0, 0, 1, 630.38, 1311332, 0, 0, 0
2086, 1095, 1, 10, 0, 0, 0.00%, 0, 0, 1, 632.70, 1314544, 0, 0, 0
2091, 1098, 1, 10, 0, 0, 0.00%, 0, 0, 1, 642.30, 1317820, 0, 0, 0
2096, 1100, 1, 10, 0, 0, 0.00%, 0, 0, 1, 638.33, 1321032, 0, 0, 0
2101, 1103, 1, 10, 0, 0, 0.00%, 0, 0, 1, 628.21, 1324220, 0, 0, 0
2106, 1106, 1, 10, 0, 0, 0.00%, 0, 0, 1, 642.34, 1327492, 0, 0, 0
2111, 1108, 1, 10, 0, 0, 0.00%, 0, 0, 1, 642.37, 1330768, 0, 0, 0
2116, 1111, 1, 10, 0, 0, 0.00%, 0, 0, 1, 644.02, 1334032, 0, 0, 0
2121, 1114, 1, 10, 0, 0, 0.00%, 0, 0, 1, 643.71, 1337268, 0, 0, 0
2126, 1117, 1, 10, 0, 0, 0.00%, 0, 0, 1, 641.50, 1340520, 0, 0, 0
2132, 1119, 1, 10, 0, 0, 0.00%, 0, 0, 1, 631.87, 1343792, 0, 0, 0
2137, 1122, 1, 10, 0, 0, 0.00%, 0, 0, 1, 633.76, 1346980, 0, 0, 0
2142, 1125, 1, 10, 0, 0, 0.00%, 0, 0, 1, 631.58, 1350144, 0, 0, 0
2147, 1127, 1, 10, 0, 0, 0.00%, 0, 0, 1, 625.11, 1353292, 0, 0, 0
2152, 1130, 1, 10, 0, 0, 0.00%, 0, 0, 1, 627.81, 1356480, 0, 0, 0
2157, 1133, 1, 10, 0, 0, 0.00%, 0, 0, 1, 637.21, 1359708, 0, 0, 0
2162, 1135, 1, 10, 0, 0, 0.00%, 0, 0, 1, 629.11, 1362922, 0, 0, 0
2167, 1138, 1, 10, 0, 0, 0.00%, 0, 0, 1, 625.29, 1366094, 0, 0, 0
2172, 1141, 1, 10, 0, 0, 0.00%, 0, 0, 1, 635.01, 1369310, 0, 0, 0
2177, 1143, 1, 10, 0, 0, 0.00%, 0, 0, 1, 637.67, 1372534, 0, 0, 0
2182, 1146, 1, 10, 0, 0, 0.00%, 0, 0, 1, 642.40, 1375782, 0, 0, 0
2187, 1149, 1, 10, 0, 0, 0.00%, 0, 0, 1, 635.72, 1379022, 0, 0, 0
2192, 1151, 1, 10, 0, 0, 0.00%, 0, 0, 1, 633.53, 1382246, 0, 0, 0
2197, 1154, 1, 10, 0, 0, 0.00%, 0, 0, 1, 635.62, 1385482, 0, 0, 0
2202, 1157, 1, 10, 0, 0, 0.00%, 0, 0, 1, 636.81, 1388710, 0, 0, 0
2208, 1159, 1, 10, 0, 0, 0.00%, 0, 0, 1, 636.29, 1391958, 0, 0, 0
2213, 1162, 1, 10, 0, 0, 0.00%, 0, 0, 1, 641.73, 1395210, 0, 0, 0
2218, 1165, 1, 10, 0, 0, 0.00%, 0, 0, 1, 640.65, 1398458, 0, 0, 0
2223, 1167, 1, 10, 0, 0, 0.00%, 0, 0, 1, 637.09, 1401646, 0, 0, 0
2228, 1170, 1, 10, 0, 0, 0.00%, 0, 0, 1, 644.61, 1404922, 0, 0, 0
2233, 1173, 1, 10, 0, 0, 0.00%, 0, 0, 1, 645.14, 1408182, 0, 0, 0
2238, 1176, 1, 10, 0, 0, 0.00%, 0, 0, 1, 643.82, 1411458, 0, 0, 0
2243, 1178, 1, 10, 0, 0, 0.00%, 0, 0, 1, 639.18, 1414694, 0, 0, 0
2248, 1181, 1, 10, 0, 0, 0.00%, 0, 0, 1, 641.25, 1417958, 0, 0, 0
2253, 1184, 1, 10, 0, 0, 0.00%, 0, 0, 1, 643.55, 1421210, 0, 0, 0
2258, 1186, 1, 10, 0, 0, 0.00%, 0, 0, 1, 636.76, 1424422, 0, 0, 0
2263, 1189, 1, 10, 0, 0, 0.00%, 0, 0, 1, 640.81, 1427694, 0, 0, 0
2268, 1192, 1, 10, 0, 0, 0.00%, 0, 0, 1, 637.72, 1430934, 0, 0, 0
2273, 1195, 1, 10, 0, 0, 0.00%, 0, 0, 1, 637.35, 1434134, 0, 0, 0
2278, 1197, 1, 10, 0, 0, 0.00%, 0, 0, 1, 641.89, 1437394, 0, 0, 0
2283, 1200, 1, 10, 0, 0, 0.00%, 0, 0, 1, 631.82, 1440534, 0, 0, 0
2289, 1203, 1, 10, 0, 0, 0.00%, 0, 0, 1, 634.42, 1443734, 0, 0, 0
2294, 1205, 1, 10, 0, 0, 0.00%, 0, 0, 1, 645.74, 1446994, 0, 0, 0
2299, 1208, 1, 10, 0, 0, 0.00%, 0, 0, 1, 631.23, 1450182, 0, 0, 0
2304, 1211, 1, 10, 0, 0, 0.00%, 0, 0, 1, 642.99, 1453446, 0, 0, 0
2309, 1213, 1, 10, 0, 0, 0.00%, 0, 0, 1, 642.78, 1456682, 0, 0, 0
2314, 1216, 1, 10, 0, 0, 0.00%, 0, 0, 1, 630.71, 1459822, 0, 0, 0
2319, 1219, 1, 10, 0, 0, 0.00%, 0, 0, 1, 624.02, 1463010, 0, 0, 0
2324, 1221, 1, 10, 0, 0, 0.00%, 0, 0, 1, 632.44, 1466246, 0, 0, 0
2329, 1224, 1, 10, 0, 0, 0.00%, 0, 0, 1, 630.19, 1469422, 0, 0, 0
2334, 1227, 1, 10, 0, 0, 0.00%, 0, 0, 1, 643.28, 1472710, 0, 0, 0
2339, 1229, 1, 10, 0, 0, 0.00%, 0, 0, 1, 642.15, 1475946, 0, 0, 0
2344, 1232, 1, 10, 0, 0, 0.00%, 0, 0, 1, 640.83, 1479158, 0, 0, 0
2349, 1235, 1, 10, 0, 0, 0.00%, 0, 0, 1, 636.15, 1482382, 0, 0, 0
2354, 1237, 1, 10, 0, 0, 0.00%, 0, 0, 1, 631.67, 1485582, 0, 0, 0
2359, 1240, 1, 10, 0, 0, 0.00%, 0, 0, 1, 637.59, 1488834, 0, 0, 0
2364, 1243, 1, 10, 0, 0, 0.00%, 0, 0, 1, 642.20, 1492097, 0, 0, 0
2370, 1246, 1, 10, 0, 0, 0.00%, 0, 0, 1, 641.60, 1495346, 0, 0, 0
2375, 1248, 1, 10, 0, 0, 0.00%, 0, 0, 1, 642.05, 1498610, 0, 0, 0
2380, 1251, 1, 10, 0, 0, 0.00%, 0, 0, 1, 633.42, 1501810, 0, 0, 0
2385, 1254, 1, 10, 0, 0, 0.00%, 0, 0, 1, 639.97, 1505034, 0, 0, 0
2390, 1256, 1, 10, 0, 0, 0.00%, 0, 0, 1, 631.72, 1508258, 0, 0, 0
2395, 1259, 1, 10, 0, 0, 0.00%, 0, 0, 1, 639.84, 1511482, 0, 0, 0
2400, 1262, 1, 10, 0, 0, 0.00%, 0, 0, 1, 635.84, 1514682, 0, 0, 0
2405, 1264, 1, 10, 0, 0, 0.00%, 0, 0, 1, 641.56, 1517897, 0, 0, 0
2410, 1267, 1, 10, 0, 0, 0.00%, 0, 0, 1, 642.55, 1521170, 0, 0, 0
2415, 1270, 1, 10, 0, 0, 0.00%, 0, 0, 1, 645.96, 1524458, 0, 0, 0
2420, 1272, 1, 10, 0, 0, 0.00%, 0, 0, 1, 634.17, 1527682, 0, 0, 0
2425, 1275, 1, 10, 0, 0, 0.00%, 0, 0, 1, 641.90, 1530922, 0, 0, 0
2430, 1278, 1, 10, 0, 0, 0.00%, 0, 0, 1, 646.83, 1534210, 0, 0, 0
2435, 1281, 1, 10, 0, 0, 0.00%, 0, 0, 1, 640.16, 1537446, 0, 0, 0
2440, 1283, 1, 10, 0, 0, 0.00%, 0, 0, 1, 633.16, 1540610, 0, 0, 0
2445, 1286, 1, 10, 0, 0, 0.00%, 0, 0, 1, 639.14, 1543858, 0, 0, 0
2450, 1289, 1, 10, 0, 0, 0.00%, 0, 0, 1, 638.89, 1547094, 0, 0, 0
2456, 1291, 1, 10, 0, 0, 0.00%, 0, 0, 1, 635.26, 1550270, 0, 0, 0
2461, 1294, 1, 10, 0, 0, 0.00%, 0, 0, 1, 627.72, 1553470, 0, 0, 0
2466, 1297, 1, 10, 0, 0, 0.00%, 0, 0, 1, 641.57, 1556758, 0, 0, 0
2471, 1299, 1, 10, 0, 0, 0.00%, 0, 0, 1, 644.30, 1560034, 0, 0, 0
2476, 1302, 1, 10, 0, 0, 0.00%, 0, 0, 1, 645.73, 1563322, 0, 0, 0
2481, 1305, 1, 10, 0, 0, 0.00%, 0, 0, 1, 637.49, 1566558, 0, 0, 0
2486, 1308, 1, 10, 0, 0, 0.00%, 0, 0, 1, 648.41, 1569858, 0, 0, 0
2491, 1310, 1, 10, 0, 0, 0.00%, 0, 0, 1, 643.18, 1573110, 0, 0, 0
2496, 1313, 1, 10, 0, 0, 0.00%, 0, 0, 1, 640.52, 1576358, 0, 0, 0
2501, 1316, 1, 10, 0, 0, 0.00%, 0, 0, 1, 639.28, 1579570, 0, 0, 0
2506, 1318, 1, 10, 0, 0, 0.00%, 0, 0, 1, 639.83, 1582797, 0, 0, 0
2511, 1321, 1, 10, 0, 0, 0.00%, 0, 0, 1, 641.98, 1586034, 0, 0, 0
2516, 1324, 1, 10, 0, 0, 0.00%, 0, 0, 1, 637.30, 1589246, 0, 0, 0
2521, 1326, 1, 10, 0, 0, 0.00%, 0, 0, 1, 623.85, 1592412, 0, 0, 0
2526, 1329, 1, 10, 0, 0, 0.00%, 0, 0, 1, 642.88, 1595696, 0, 0, 0
2531, 1332, 1, 10, 0, 0, 0.00%, 0, 0, 1, 643.67, 1598936, 0, 0, 0
2537, 1335, 1, 10, 0, 0, 0.00%, 0, 0, 1, 641.18, 1602184, 0, 0, 0
2542, 1337, 1, 10, 0, 0, 0.00%, 0, 0, 1, 646.31, 1605472, 0, 0, 0
2547, 1340, 1, 10, 0, 0, 0.00%, 0, 0, 1, 642.23, 1608724, 0, 0, 0
2552, 1343, 1, 10, 0, 0, 0.00%, 0, 0, 1, 644.86, 1612024, 0, 0, 0
2557, 1345, 1, 10, 0, 0, 0.00%, 0, 0, 1, 640.85, 1615272, 0, 0, 0
2562, 1348, 1, 10, 0, 0, 0.00%, 0, 0, 1, 631.20, 1618396, 0, 0, 0
2567, 1351, 1, 10, 0, 0, 0.00%, 0, 0, 1, 639.84, 1621660, 0, 0, 0
2572, 1354, 1, 10, 0, 0, 0.00%, 0, 0, 1, 641.37, 1624924, 0, 0, 0
2577, 1356, 1, 10, 0, 0, 0.00%, 0, 0, 1, 634.57, 1628112, 0, 0, 0
2582, 1359, 1, 10, 0, 0, 0.00%, 0, 0, 1, 637.68, 1631324, 0, 0, 0
2587, 1362, 1, 10, 0, 0, 0.00%, 0, 0, 1, 639.45, 1634584, 0, 0, 0
2592, 1364, 1, 10, 0, 0, 0.00%, 0, 0, 1, 644.52, 1637836, 0, 0, 0
2597, 1367, 1, 10, 0, 0, 0.00%, 0, 0, 1, 642.27, 1641084, 0, 0, 0
2602, 1370, 1, 10, 0, 0, 0.00%, 0, 0, 1, 645.68, 1644360, 0, 0, 0
2607, 1372, 1, 10, 0, 0, 0.00%, 0, 0, 1, 630.49, 1647524, 0, 0, 0
2613, 1375, 1, 10, 0, 0, 0.00%, 0, 0, 1, 633.87, 1650736, 0, 0, 0
2618, 1378, 1, 10, 0, 0, 0.00%, 0, 0, 1, 633.19, 1653936, 0, 0, 0
2623, 1380, 1, 10, 0, 0, 0.00%, 0, 0, 1, 637.58, 1657196, 0, 0, 0
2628, 1383, 1, 10, 0, 0, 0.00%, 0, 0, 1, 640.86, 1660436, 0, 0, 0
2633, 1386, 1, 10, 0, 0, 0.00%, 0, 0, 1, 643.56, 1663684, 0, 0, 0
2638, 1389, 1, 10, 0, 0, 0.00%, 0, 0, 1, 639.22, 1666912, 0, 0, 0
2643, 1391, 1, 10, 0, 0, 0.00%, 0, 0, 1, 638.52, 1670136, 0, 0, 0
2648, 1394, 1, 10, 0, 0, 0.00%, 0, 0, 1, 623.14, 1673296, 0, 0, 0
2653, 1396, 1, 10, 0, 0, 0.00%, 0, 0, 1, 582.11, 1676267, 0, 0, 0
2658, 1399, 1, 10, 0, 0, 0.00%, 0, 0, 1, 597.30, 1679256, 0, 0, 0
2663, 1401, 1, 10, 0, 0, 0.00%, 0, 0, 1, 600.28, 1682413, 0, 0, 0
2668, 1404, 1, 10, 0, 0, 0.00%, 0, 0, 1, 582.67, 1685300, 0, 0, 0
2673, 1406, 1, 10, 0, 0, 0.00%, 0, 0, 1, 572.35, 1688112, 0, 0, 0
2678, 1409, 1, 10, 0, 0, 0.00%, 0, 0, 1, 588.71, 1691067, 0, 0, 0
2683, 1411, 1, 10, 0, 0, 0.00%, 0, 0, 1, 611.03, 1694161, 0, 0, 0
2688, 1414, 1, 10, 0, 0, 0.00%, 0, 0, 1, 610.25, 1697213, 0, 0, 0
2694, 1416, 1, 10, 0, 0, 0.00%, 0, 0, 1, 622.02, 1700361, 0, 0, 0
2699, 1419, 1, 10, 0, 0, 0.00%, 0, 0, 1, 613.99, 1703549, 0, 0, 0
2704, 1422, 1, 10, 0, 0, 0.00%, 0, 0, 1, 614.84, 1706625, 0, 0, 0
2709, 1424, 1, 10, 0, 0, 0.00%, 0, 0, 1, 617.41, 1709773, 0, 0, 0
2714, 1427, 1, 10, 0, 0, 0.00%, 0, 0, 1, 622.53, 1712985, 0, 0, 0
2719, 1429, 1, 10, 0, 0, 0.00%, 0, 0, 1, 607.50, 1716013, 0, 0, 0
2724, 1432, 1, 10, 0, 0, 0.00%, 0, 0, 1, 616.62, 1719225, 0, 0, 0
2729, 1435, 1, 10, 0, 0, 0.00%, 0, 0, 1, 612.86, 1722313, 0, 0, 0
2734, 1437, 1, 10, 0, 0, 0.00%, 0, 0, 1, 620.17, 1725561, 0, 0, 0
2740, 1440, 1, 10, 0, 0, 0.00%, 0, 0, 1, 612.36, 1728697, 0, 0, 0
2745, 1443, 1, 10, 0, 0, 0.00%, 0, 0, 1, 620.13, 1731925, 0, 0, 0
2750, 1445, 1, 10, 0, 0, 0.00%, 0, 0, 1, 621.10, 1735161, 0, 0, 0
2755, 1448, 1, 10, 0, 0, 0.00%, 0, 0, 1, 621.06, 1738397, 0, 0, 0
2760, 1451, 1, 10, 0, 0, 0.00%, 0, 0, 1, 617.12, 1741485, 0, 0, 0
2765, 1453, 1, 10, 0, 0, 0.00%, 0, 0, 1, 619.42, 1744597, 0, 0, 0
2770, 1456, 1, 10, 0, 0, 0.00%, 0, 0, 1, 618.43, 1747661, 0, 0, 0
2775, 1458, 1, 10, 0, 0, 0.00%, 0, 0, 1, 618.67, 1750785, 0, 0, 0
2780, 1461, 1, 10, 0, 0, 0.00%, 0, 0, 1, 620.09, 1753913, 0, 0, 0
2785, 1464, 1, 10, 0, 0, 0.00%, 0, 0, 1, 628.65, 1757061, 0, 0, 0
2790, 1466, 1, 10, 0, 0, 0.00%, 0, 0, 1, 619.81, 1760197, 0, 0, 0
2795, 1469, 1, 10, 0, 0, 0.00%, 0, 0, 1, 616.33, 1763297, 0, 0, 0
2801, 1472, 1, 10, 0, 0, 0.00%, 0, 0, 1, 619.28, 1766513, 0, 0, 0
2806, 1474, 1, 10, 0, 0, 0.00%, 0, 0, 1, 624.53, 1769661, 0, 0, 0
2811, 1477, 1, 10, 0, 0, 0.00%, 0, 0, 1, 624.36, 1772785, 0, 0, 0
2816, 1479, 1, 10, 0, 0, 0.00%, 0, 0, 1, 622.02, 1775897, 0, 0, 0
2821, 1482, 1, 10, 0, 0, 0.00%, 0, 0, 1, 612.42, 1778973, 0, 0, 0
2826, 1485, 1, 10, 0, 0, 0.00%, 0, 0, 1, 625.61, 1782149, 0, 0, 0
2831, 1487, 1, 10, 0, 0, 0.00%, 0, 0, 1, 623.17, 1785300, 0, 0, 0
2836, 1490, 1, 10, 0, 0, 0.00%, 0, 0, 1, 629.48, 1788497, 0, 0, 0
2841, 1492, 1, 10, 0, 0, 0.00%, 0, 0, 1, 626.88, 1791637, 0, 0, 0
2846, 1495, 1, 10, 0, 0, 0.00%, 0, 0, 1, 623.46, 1794885, 0, 0, 0
2851, 1498, 1, 10, 0, 0, 0.00%, 0, 0, 1, 610.60, 1798085, 0, 0, 0
2856, 1500, 1, 10, 0, 0, 0.00%, 0, 0, 1, 621.89, 1801225, 0, 0, 0
2861, 1503, 1, 10, 0, 0, 0.00%, 0, 0, 1, 618.71, 1804437, 0, 0, 0
2867, 1506, 1, 10, 0, 0, 0.00%, 0, 0, 1, 622.70, 1807585, 0, 0, 0
2872, 1508, 1, 10, 0, 0, 0.00%, 0, 0, 1, 628.96, 1810749, 0, 0, 0
2877, 1511, 1, 10, 0, 0, 0.00%, 0, 0, 1, 623.19, 1813997, 0, 0, 0
2882, 1514, 1, 10, 0, 0, 0.00%, 0, 0, 1, 607.73, 1817139, 0, 0, 0
2887, 1516, 1, 10, 0, 0, 0.00%, 0, 0, 1, 624.39, 1820327, 0, 0, 0
2892, 1519, 1, 10, 0, 0, 0.00%, 0, 0, 1, 624.86, 1823463, 0, 0, 0
2897, 1522, 1, 10, 0, 0, 0.00%, 0, 0, 1, 629.96, 1826651, 0, 0, 0
2902, 1524, 1, 10, 0, 0, 0.00%, 0, 0, 1, 625.12, 1829799, 0, 0, 0
2907, 1527, 1, 10, 0, 0, 0.00%, 0, 0, 1, 620.91, 1832915, 0, 0, 0
2912, 1529, 1, 10, 0, 0, 0.00%, 0, 0, 1, 625.48, 1836087, 0, 0, 0
2917, 1532, 1, 10, 0, 0, 0.00%, 0, 0, 1, 619.49, 1839287, 0, 0, 0
2922, 1535, 1, 10, 0, 0, 0.00%, 0, 0, 1, 616.51, 1842402, 0, 0, 0
2928, 1537, 1, 10, 0, 0, 0.00%, 0, 0, 1, 623.97, 1845651, 0, 0, 0
2933, 1540, 1, 10, 0, 0, 0.00%, 0, 0, 1, 622.76, 1848887, 0, 0, 0
2938, 1543, 1, 10, 0, 0, 0.00%, 0, 0, 1, 625.17, 1852063, 0, 0, 0
2943, 1545, 1, 10, 0, 0, 0.00%, 0, 0, 1, 614.45, 1855175, 0, 0, 0
2948, 1548, 1, 10, 0, 0, 0.00%, 0, 0, 1, 629.67, 1858375, 0, 0, 0
2953, 1551, 1, 10, 0, 0, 0.00%, 0, 0, 1, 630.59, 1861575, 0, 0, 0
2958, 1553, 1, 10, 0, 0, 0.00%, 0, 0, 1, 625.55, 1864727, 0, 0, 0
2963, 1556, 1, 10, 0, 0, 0.00%, 0, 0, 1, 634.10, 1867927, 0, 0, 0
2968, 1559, 1, 10, 0, 0, 0.00%, 0, 0, 1, 627.57, 1871075, 0, 0, 0
2973, 1561, 1, 10, 0, 0, 0.00%, 0, 0, 1, 619.97, 1874187, 0, 0, 0
2978, 1564, 1, 10, 0, 0, 0.00%, 0, 0, 1, 622.29, 1877327, 0, 0, 0
2983, 1566, 1, 10, 0, 0, 0.00%, 0, 0, 1, 620.01, 1880499, 0, 0, 0
2988, 1569, 1, 10, 0, 0, 0.00%, 0, 0, 1, 616.85, 1883687, 0, 0, 0
2993, 1572, 1, 10, 0, 0, 0.00%, 0, 0, 1, 626.72, 1886851, 0, 0, 0
2998, 1574, 1, 10, 0, 0, 0.00%, 0, 0, 1, 624.94, 1889987, 0, 0, 0
3004, 1577, 1, 10, 0, 0, 0.00%, 0, 0, 1, 614.93, 1893087, 0, 0, 0
3009, 1580, 1, 10, 0, 0, 0.00%, 0, 0, 1, 622.47, 1896251, 0, 0, 0
3014, 1582, 1, 10, 0, 0, 0.00%, 0, 0, 1, 625.14, 1899451, 0, 0, 0
3019, 1585, 1, 10, 0, 0, 0.00%, 0, 0, 1, 630.98, 1902663, 0, 0, 0
3024, 1588, 1, 10, 0, 0, 0.00%, 0, 0, 1, 633.61, 1905839, 0, 0, 0
3029, 1590, 1, 10, 0, 0, 0.00%, 0, 0, 1, 625.80, 1909087, 0, 0, 0
3034, 1593, 1, 10, 0, 0, 0.00%, 0, 0, 1, 620.12, 1912227, 0, 0, 0
3039, 1596, 1, 10, 0, 0, 0.00%, 0, 0, 1, 625.94, 1915363, 0, 0, 0
3044, 1598, 1, 10, 0, 0, 0.00%, 0, 0, 1, 625.77, 1918551, 0, 0, 0
3049, 1601, 1, 10, 0, 0, 0.00%, 0, 0, 1, 633.59, 1921763, 0, 0, 0
3054, 1604, 1, 10, 0, 0, 0.00%, 0, 0, 1, 630.78, 1924915, 0, 0, 0
3059, 1606, 1, 10, 0, 0, 0.00%, 0, 0, 1, 631.16, 1928127, 0, 0, 0
3064, 1609, 1, 10, 0, 0, 0.00%, 0, 0, 1, 621.14, 1931215, 0, 0, 0
3069, 1611, 1, 10, 0, 0, 0.00%, 0, 0, 1, 631.85, 1934399, 0, 0, 0
3074, 1614, 1, 10, 0, 0, 0.00%, 0, 0, 1, 632.71, 1937587, 0, 0, 0
3079, 1617, 1, 10, 0, 0, 0.00%, 0, 0, 1, 635.72, 1940787, 0, 0, 0
3084, 1619, 1, 10, 0, 0, 0.00%, 0, 0, 1, 633.03, 1943963, 0, 0, 0
3090, 1622, 1, 10, 0, 0, 0.00%, 0, 0, 1, 636.62, 1947275, 0, 0, 0
3095, 1625, 1, 10, 0, 0, 0.00%, 0, 0, 1, 622.35, 1950327, 0, 0, 0
3100, 1627, 1, 10, 0, 0, 0.00%, 0, 0, 1, 622.84, 1953451, 0, 0, 0
3105, 1630, 1, 10, 0, 0, 0.00%, 0, 0, 1, 633.67, 1956651, 0, 0, 0
3110, 1633, 1, 10, 0, 0, 0.00%, 0, 0, 1, 631.20, 1959815, 0, 0, 0
3115, 1635, 1, 10, 0, 0, 0.00%, 0, 0, 1, 633.82, 1963027, 0, 0, 0
3120, 1638, 1, 10, 0, 0, 0.00%, 0, 0, 1, 629.69, 1966215, 0, 0, 0
3125, 1641, 1, 10, 0, 0, 0.00%, 0, 0, 1, 625.91, 1969375, 0, 0, 0
3130, 1643, 1, 10, 0, 0, 0.00%, 0, 0, 1, 633.70, 1972587, 0, 0, 0
3135, 1646, 1, 10, 0, 0, 0.00%, 0, 0, 1, 638.51, 1975799, 0, 0, 0
3140, 1649, 1, 10, 0, 0, 0.00%, 0, 0, 1, 633.36, 1978951, 0, 0, 0
3145, 1651, 1, 10, 0, 0, 0.00%, 0, 0, 1, 637.99, 1982187, 0, 0, 0
3150, 1654, 1, 10, 0, 0, 0.00%, 0, 0, 1, 635.74, 1985375, 0, 0, 0
3155, 1657, 1, 10, 0, 0, 0.00%, 0, 0, 1, 622.60, 1988515, 0, 0, 0
3160, 1659, 1, 10, 0, 0, 0.00%, 0, 0, 1, 625.84, 1991675, 0, 0, 0
3165, 1662, 1, 10, 0, 0, 0.00%, 0, 0, 1, 634.61, 1994875, 0, 0, 0
3170, 1664, 1, 10, 0, 0, 0.00%, 0, 0, 1, 630.98, 1998027, 0, 0, 0
3175, 1667, 1, 10, 0, 0, 0.00%, 0, 0, 1, 631.32, 2001227, 0, 0, 0
3181, 1670, 1, 10, 0, 0, 0.00%, 0, 0, 1, 611.31, 2004388, 0, 0, 0
3186, 1672, 1, 10, 0, 0, 0.00%, 0, 0, 1, 616.06, 2007500, 0, 0, 0
3191, 1675, 1, 10, 0, 0, 0.00%, 0, 0, 1, 629.09, 2010652, 0, 0, 0
3196, 1678, 1, 10, 0, 0, 0.00%, 0, 0, 1, 634.02, 2013876, 0, 0, 0
3201, 1680, 1, 10, 0, 0, 0.00%, 0, 0, 1, 632.41, 2017164, 0, 0, 0
3206, 1683, 1, 10, 0, 0, 0.00%, 0, 0, 1, 640.32, 2020428, 0, 0, 0
3211, 1686, 1, 10, 0, 0, 0.00%, 0, 0, 1, 637.38, 2023652, 0, 0, 0
3216, 1688, 1, 10, 0, 0, 0.00%, 0, 0, 1, 613.34, 2026728, 0, 0, 0
3221, 1691, 1, 10, 0, 0, 0.00%, 0, 0, 1, 626.41, 2029916, 0, 0, 0
3226, 1694, 1, 10, 0, 0, 0.00%, 0, 0, 1, 631.72, 2033100, 0, 0, 0
3231, 1696, 1, 10, 0, 0, 0.00%, 0, 0, 1, 633.40, 2036276, 0, 0, 0
3236, 1699, 1, 10, 0, 0, 0.00%, 0, 0, 1, 634.05, 2039476, 0, 0, 0
3241, 1702, 1, 10, 0, 0, 0.00%, 0, 0, 1, 621.46, 2042664, 0, 0, 0
3246, 1704, 1, 10, 0, 0, 0.00%, 0, 0, 1, 623.68, 2045864, 0, 0, 0
3251, 1707, 1, 10, 0, 0, 0.00%, 0, 0, 1, 624.77, 2049000, 0, 0, 0
3256, 1710, 1, 10, 0, 0, 0.00%, 0, 0, 1, 636.73, 2052204, 0, 0, 0
3261, 1712, 1, 10, 0, 0, 0.00%, 0, 0, 1, 633.38, 2055376, 0, 0, 0
3266, 1715, 1, 10, 0, 0, 0.00%, 0, 0, 1, 637.54, 2058600, 0, 0, 0
3271, 1718, 1, 10, 0, 0, 0.00%, 0, 0, 1, 622.31, 2061752, 0, 0, 0
3276, 1720, 1, 10, 0, 0, 0.00%, 0, 0, 1, 628.14, 2064903, 0, 0, 0
3282, 1723, 1, 10, 0, 0, 0.00%, 0, 0, 1, 628.42, 2068100, 0, 0, 0
3287, 1725, 1, 10, 0, 0, 0.00%, 0, 0, 1, 627.05, 2071252, 0, 0, 0
3292, 1728, 1, 10, 0, 0, 0.00%, 0, 0, 1, 621.64, 2074376, 0, 0, 0
3297, 1731, 1, 10, 0, 0, 0.00%, 0, 0, 1, 629.29, 2077564, 0, 0, 0
3302, 1733, 1, 10, 0, 0, 0.00%, 0, 0, 1, 627.24, 2080740, 0, 0, 0
3307, 1736, 1, 10, 0, 0, 0.00%, 0, 0, 1, 636.57, 2083976, 0, 0, 0
3312, 1739, 1, 10, 0, 0, 0.00%, 0, 0, 1, 628.03, 2087100, 0, 0, 0
3317, 1741, 1, 10, 0, 0, 0.00%, 0, 0, 1, 628.31, 2090288, 0, 0, 0
3322, 1744, 1, 10, 0, 0, 0.00%, 0, 0, 1, 632.65, 2093464, 0, 0, 0
3327, 1747, 1, 10, 0, 0, 0.00%, 0, 0, 1, 634.59, 2096676, 0, 0, 0
3332, 1749, 1, 10, 0, 0, 0.00%, 0, 0, 1, 619.45, 2099788, 0, 0, 0
3337, 1752, 1, 10, 0, 0, 0.00%, 0, 0, 1, 627.61, 2102952, 0, 0, 0
3342, 1755, 1, 10, 0, 0, 0.00%, 0, 0, 1, 630.99, 2106116, 0, 0, 0
3347, 1757, 1, 10, 0, 0, 0.00%, 0, 0, 1, 633.93, 2109328, 0, 0, 0
3352, 1760, 1, 10, 0, 0, 0.00%, 0, 0, 1, 630.35, 2112488, 0, 0, 0
3357, 1762, 1, 10, 0, 0, 0.00%, 0, 0, 1, 633.66, 2115700, 0, 0, 0
3362, 1765, 1, 10, 0, 0, 0.00%, 0, 0, 1, 619.27, 2118816, 0, 0, 0
3367, 1768, 1, 10, 0, 0, 0.00%, 0, 0, 1, 624.16, 2121940, 0, 0, 0
3372, 1770, 1, 10, 0, 0, 0.00%, 0, 0, 1, 632.49, 2125128, 0, 0, 0
3377, 1773, 1, 10, 0, 0, 0.00%, 0, 0, 1, 634.86, 2128328, 0, 0, 0
3382, 1776, 1, 10, 0, 0, 0.00%, 0, 0, 1, 634.51, 2131528, 0, 0, 0
3387, 1778, 1, 10, 0, 0, 0.00%, 0, 0, 1, 634.98, 2134728, 0, 0, 0
3392, 1781, 1, 10, 0, 0, 0.00%, 0, 0, 1, 635.72, 2137928, 0, 0, 0
3397, 1784, 1, 10, 0, 0, 0.00%, 0, 0, 1, 612.70, 2141016, 0, 0, 0
3402, 1786, 1, 10, 0, 0, 0.00%, 0, 0, 1, 623.88, 2144152, 0, 0, 0
3408, 1789, 1, 10, 0, 0, 0.00%, 0, 0, 1, 634.13, 2147364, 0, 0, 0
3413, 1792, 1, 10, 0, 0, 0.00%, 0, 0, 1, 631.78, 2150540, 0, 0, 0
3418, 1794, 1, 10, 0, 0, 0.00%, 0, 0, 1, 635.52, 2153740, 0, 0, 0
3423, 1797, 1, 10, 0, 0, 0.00%, 0, 0, 1, 625.25, 2156900, 0, 0, 0
3428, 1800, 1, 10, 0, 0, 0.00%, 0, 0, 1, 629.44, 2160128, 0, 0, 0
3433, 1802, 1, 10, 0, 0, 0.00%, 0, 0, 1, 635.62, 2163328, 0, 0, 0
3438, 1805, 1, 10, 0, 0, 0.00%, 0, 0, 1, 639.89, 2166564, 0, 0, 0
3443, 1808, 1, 10, 0, 0, 0.00%, 0, 0, 1, 634.91, 2169764, 0, 0, 0
3448, 1810, 1, 10, 0, 0, 0.00%, 0, 0, 1, 638.02, 2173000, 0, 0, 0
3453, 1813, 1, 10, 0, 0, 0.00%, 0, 0, 1, 637.49, 2176200, 0, 0, 0
3458, 1816, 1, 10, 0, 0, 0.00%, 0, 0, 1, 616.87, 2179352, 0, 0, 0
3463, 1818, 1, 10, 0, 0, 0.00%, 0, 0, 1, 628.51, 2182540, 0, 0, 0
3468, 1821, 1, 10, 0, 0, 0.00%, 0, 0, 1, 632.86, 2185716, 0, 0, 0
3473, 1824, 1, 10, 0, 0, 0.00%, 0, 0, 1, 630.76, 2188916, 0, 0, 0
3478, 1826, 1, 10, 0, 0, 0.00%, 0, 0, 1, 633.68, 2192103, 0, 0, 0
3483, 1829, 1, 10, 0, 0, 0.00%, 0, 0, 1, 627.19, 2195276, 0, 0, 0
3488, 1831, 1, 10, 0, 0, 0.00%, 0, 0, 1, 629.01, 2198464, 0, 0, 0
3493, 1834, 1, 10, 0, 0, 0.00%, 0, 0, 1, 639.58, 2201700, 0, 0, 0
3498, 1837, 1, 10, 0, 0, 0.00%, 0, 0, 1, 640.59, 2204928, 0, 0, 0
3503, 1840, 1, 10, 0, 0, 0.00%, 0, 0, 1, 637.22, 2208128, 0, 0, 0
3509, 1842, 1, 10, 0, 0, 0.00%, 0, 0, 1, 636.65, 2211352, 0, 0, 0
3514, 1845, 1, 10, 0, 0, 0.00%, 0, 0, 1, 634.21, 2214564, 0, 0, 0
3519, 1847, 1, 10, 0, 0, 0.00%, 0, 0, 1, 616.30, 2217652, 0, 0, 0
3524, 1850, 1, 10, 0, 0, 0.00%, 0, 0, 1, 631.75, 2220888, 0, 0, 0
3529, 1853, 1, 10, 0, 0, 0.00%, 0, 0, 1, 632.73, 2224088, 0, 0, 0
3534, 1855, 1, 10, 0, 0, 0.00%, 0, 0, 1, 633.58, 2227300, 0, 0, 0
3539, 1858, 1, 10, 0, 0, 0.00%, 0, 0, 1, 631.42, 2230516, 0, 0, 0
3544, 1861, 1, 10, 0, 0, 0.00%, 0, 0, 1, 621.70, 2233605, 0, 0, 0
3549, 1863, 1, 10, 0, 0, 0.00%, 0, 0, 1, 618.71, 2236778, 0, 0, 0
3554, 1866, 1, 10, 0, 0, 0.00%, 0, 0, 1, 630.08, 2239942, 0, 0, 0
3559, 1869, 1, 10, 0, 0, 0.00%, 0, 0, 1, 635.21, 2243178, 0, 0, 0
3564, 1871, 1, 10, 0, 0, 0.00%, 0, 0, 1, 634.47, 2246366, 0, 0, 0
3569, 1874, 1, 10, 0, 0, 0.00%, 0, 0, 1, 633.01, 2249566, 0, 0, 0
3574, 1877, 1, 10, 0, 0, 0.00%, 0, 0, 1, 623.76, 2252666, 0, 0, 0
3579, 1879, 1, 10, 0, 0, 0.00%, 0, 0, 1, 625.53, 2255805, 0, 0, 0
3584, 1882, 1, 10, 0, 0, 0.00%, 0, 0, 1, 630.61, 2259002, 0, 0, 0
3589, 1885, 1, 10, 0, 0, 0.00%, 0, 0, 1, 637.54, 2262218, 0, 0, 0
3594, 1887, 1, 10, 0, 0, 0.00%, 0, 0, 1, 631.49, 2265390, 0, 0, 0
3598, 1889, 1, 10, 0, 0, 0.00%, 0, 0, 1, 631.74, 2267900, 0, 0, 0
